0 185.4972097
0.005 128.5762377
0.01 112.0025203
0.015 101.7132836
0.02 94.25002562
0.025 88.10547571
0.03 82.66146218
0.035 77.60769841
0.04 72.78540218
0.045 68.11016837
0.05 63.53631511
0.055 59.03871647
0.06 54.6033433
0.065 50.22221207
0.07 45.89065646
0.075 41.60584223
0.08 37.36595487
0.085 33.16975345
0.09 29.0163244
0.095 24.90494482
0.1 20.83500587
0.105 16.80596928
0.11 12.81734226
0.115 8.868662612
0.12 4.959489812
0.125 1.08939931
0.13 -2.742021084
0.135 -6.535173652
0.14 -10.29045245
0.145 -14.0082445
0.15 -17.68893067
0.155 -21.3328863
0.16 -24.9404817
0.165 -28.51208252
0.17 -32.04805004
0.175 -35.54874136
0.18 -39.01450962
0.185 -42.44570412
0.19 -45.84267045
0.195 -49.20575056
0.2 -52.53528287
0.205 -55.83160229
0.21 -59.09504036
0.215 -62.32592523
0.22 -65.52458174
0.225 -68.69133145
0.23 -71.8264927
0.235 -74.93038063
0.24 -78.00330723
0.245 -81.04558137
0.25 -84.05750881
0.255 -87.03939229
0.26 -89.9915315
0.265 -92.91422314
0.27 -95.80776096
0.275 -98.67243578
0.28 -101.5085355
0.285 -104.3163452
0.29 -107.096147
0.295 -109.8482203
0.3 -112.5728418
0.305 -115.2702852
0.31 -117.9408216
0.315 -120.5847195
0.32 -123.2022446
0.325 -125.7936599
0.33 -128.3592259
0.335 -130.8992005
0.34 -133.4138389
0.345 -135.9033939
0.35 -138.3681156
0.355 -140.8082518
0.36 -143.2240478
0.365 -145.6157463
0.37 -147.9835877
0.375 -150.32781
0.38 -152.6486488
0.385 -154.9463373
0.39 -157.2211066
0.395 -159.4731852
0.4 -161.7027995
0.405 -163.9101735
0.41 -166.0955292
0.415 -168.2590861
0.42 -170.4010618
0.425 -172.5216714
0.43 -174.6211283
0.435 -176.6996433
0.44 -178.7574254
0.445 -180.7946813
0.45 -182.811616
0.455 -184.8084321
0.46 -186.7853303
0.465 -188.7425092
0.47 -190.6801657
0.475 -192.5984946
0.48 -194.4976885
0.485 -196.3779384
0.49 -198.2394333
0.495 -200.0823604
0.5 -201.9069048
