0 1.928749848e-19
0.005 0.1153427158
0.01 0.4873700869
0.015 1.143450057
0.02 1.983073162
0.025 2.858700704
0.03 3.652687083
0.035 4.304723985
0.04 4.802188127
0.045 5.159726585
0.05 5.402737849
0.055 5.557782586
0.06 5.64824301
0.065 5.692987734
0.07 5.706470121
0.075 5.699379155
0.08 5.679412488
0.085 5.65198855
0.09 5.620836888
0.095 5.588460839
0.1 5.556488008
0.105 5.525929866
0.11 5.497370942
0.115 5.471105006
0.12 5.447232022
0.125 5.425726493
0.13 5.406485103
0.135 5.389359542
0.14 5.374178763
0.145 5.360763779
0.15 5.348937235
0.155 5.33852934
0.16 5.329381303
0.165 5.321347079
0.17 5.314293982
0.175 5.308102589
0.18 5.302666172
0.185 5.297889885
0.19 5.293689808
0.195 5.289991948
0.2 5.286731246
0.205 5.283850624
0.21 5.281300093
0.215 5.279035932
0.22 5.277019948
0.225 5.275218801
0.23 5.273603405
0.235 5.272148398
0.24 5.27083167
0.245 5.269633951
0.25 5.26853844
0.255 5.267530493
0.26 5.26659734
0.265 5.265727839
0.27 5.264912267
0.275 5.264142129
0.28 5.263410001
0.285 5.262709386
0.29 5.262034593
0.295 5.261380629
0.3 5.260743104
0.305 5.260118158
0.31 5.259502381
0.315 5.258892759
0.32 5.258286617
0.325 5.257681578
0.33 5.257075514
0.335 5.256466522
0.34 5.255852884
0.345 5.255233048
0.35 5.254605599
0.355 5.253969245
0.36 5.253322794
0.365 5.252665144
0.37 5.251995263
0.375 5.251312187
0.38 5.250615
0.385 5.249902833
0.39 5.24917485
0.395 5.248430248
0.4 5.247668244
0.405 5.246888076
0.41 5.246088994
0.415 5.245270257
0.42 5.244431132
0.425 5.243570888
0.43 5.242688793
0.435 5.241784114
0.44 5.240856113
0.445 5.239904044
0.45 5.238927154
0.455 5.237924677
0.46 5.236895839
0.465 5.235839849
0.47 5.234755903
0.475 5.23364318
0.48 5.232500844
0.485 5.231328039
0.49 5.23012389
0.495 5.228887501
0.5 5.227617956
