0 0
0.005 0.1570796327
0.01 0.3133738672
0.015 0.4688866305
0.02 0.6236218301
0.025 0.7775833536
0.03 0.9307750695
0.035 1.083200827
0.04 1.234864455
0.045 1.385769766
0.05 1.53592055
0.055 1.68532058
0.06 1.833973609
0.065 1.981883374
0.07 2.12905359
0.075 2.275487955
0.08 2.421190147
0.085 2.566163829
0.09 2.710412643
0.095 2.853940212
0.1 2.996750144
0.105 3.138846026
0.11 3.280231428
0.115 3.420909904
0.12 3.560884987
0.125 3.700160195
0.13 3.838739027
0.135 3.976624964
0.14 4.113821472
0.145 4.250331997
0.15 4.38615997
0.155 4.521308803
0.16 4.655781892
0.165 4.789582615
0.17 4.922714334
0.175 5.055180395
0.18 5.186984126
0.185 5.318128838
0.19 5.448617827
0.195 5.57845437
0.2 5.707641731
0.205 5.836183155
0.21 5.964081872
0.215 6.091341095
0.22 6.217964022
0.225 6.343953835
0.23 6.469313699
0.235 6.594046763
0.24 6.718156162
0.245 6.841645013
0.25 6.964516421
0.255 7.086773472
0.26 7.208419237
0.265 7.329456773
0.27 7.449889122
0.275 7.569719309
0.28 7.688950345
0.285 7.807585226
0.29 7.925626933
0.295 8.043078431
0.3 8.159942671
0.305 8.276222591
0.31 8.391921111
0.315 8.507041138
0.32 8.621585565
0.325 8.735557269
0.33 8.848959116
0.335 8.961793953
0.34 9.074064616
0.345 9.185773925
0.35 9.296924688
0.355 9.407519698
0.36 9.517561732
0.365 9.627053556
0.37 9.735997921
0.375 9.844397564
0.38 9.952255209
0.385 10.05957357
0.39 10.16635533
0.395 10.27260319
0.4 10.3783198
0.405 10.48350784
0.41 10.58816993
0.415 10.69230871
0.42 10.7959268
0.425 10.8990268
0.43 11.0016113
0.435 11.10368288
0.44 11.20524409
0.445 11.30629751
0.45 11.40684565
0.455 11.50689106
0.46 11.60643623
0.465 11.70548368
0.47 11.8040359
0.475 11.90209535
0.48 11.99966451
0.485 12.09674582
0.49 12.19334172
0.495 12.28945465
0.5 12.38508701
