0 0
0.005 2.303825802
0.01 2.68189593
0.015 3.219820933
0.02 3.559360308
0.025 3.846002907
0.03 4.08430035
0.035 4.293455424
0.04 4.482048974
0.045 4.656548287
0.05 4.821143661
0.055 4.978752855
0.06 5.131390495
0.065 5.280464715
0.07 5.426960447
0.075 5.57156657
0.08 5.714762793
0.085 5.856880499
0.09 5.99814567
0.095 6.138709467
0.1 6.27867011
0.105 6.41808861
0.11 6.557000075
0.115 6.695421834
0.12 6.833359262
0.125 6.970809931
0.13 7.107766554
0.135 7.244219043
0.14 7.380155942
0.145 7.515565391
0.15 7.650435771
0.155 7.784756108
0.16 7.918516321
0.165 8.051707346
0.17 8.184321188
0.175 8.316350915
0.18 8.447790622
0.185 8.578635373
0.19 8.708881129
0.195 8.838524675
0.2 8.967563543
0.205 9.095995935
0.21 9.223820657
0.215 9.351037048
0.22 9.477644921
0.225 9.603644508
0.23 9.72903641
0.235 9.853821549
0.24 9.978001132
0.245 10.10157661
0.25 10.22454965
0.255 10.34692212
0.26 10.46869602
0.265 10.58987351
0.27 10.71045687
0.275 10.8304485
0.28 10.94985085
0.285 11.06866648
0.29 11.18689801
0.295 11.30454811
0.3 11.4216195
0.305 11.53811494
0.31 11.65403724
0.315 11.7693892
0.32 11.88417368
0.325 11.99839355
0.33 12.11205169
0.335 12.22515099
0.34 12.33769437
0.345 12.44968473
0.35 12.561125
0.355 12.6720181
0.36 12.78236696
0.365 12.89217451
0.37 13.00144368
0.375 13.1101774
0.38 13.2183786
0.385 13.32605021
0.39 13.43319515
0.395 13.53981636
0.4 13.64591674
0.405 13.75149923
0.41 13.85656673
0.415 13.96112217
0.42 14.06516846
0.425 14.1687085
0.43 14.2717452
0.435 14.37428146
0.44 14.4763202
0.445 14.5778643
0.45 14.67891667
0.455 14.77948021
0.46 14.8795578
0.465 14.97915235
0.47 15.07826675
0.475 15.17690389
0.48 15.27506666
0.485 15.37275796
0.49 15.46998069
0.495 15.56673774
0.5 15.663032
