0 0
0.005 0.000576713579
0.01 0.005486200719
0.015 0.02077713875
0.02 0.05162816067
0.025 0.1004295798
0.03 0.1668873791
0.035 0.2490717534
0.04 0.3444256871
0.045 0.4503930743
0.05 0.564708927
0.055 0.6854859523
0.06 0.81120316
0.065 0.9406570714
0.07 1.072904792
0.075 1.207211149
0.08 1.343003909
0.085 1.479837524
0.09 1.617364502
0.095 1.755313109
0.1 1.89347015
0.105 2.031667724
0.11 2.169773062
0.115 2.307680734
0.12 2.445306665
0.125 2.582583539
0.13 2.719457255
0.135 2.855884187
0.14 2.99182906
0.145 3.127263295
0.15 3.262163711
0.155 3.396511504
0.16 3.530291444
0.165 3.663491229
0.17 3.796100969
0.175 3.928112777
0.18 4.059520432
0.185 4.1903191
0.19 4.320505117
0.195 4.450075801
0.2 4.5790293
0.205 4.707364461
0.21 4.835080731
0.215 4.962178058
0.22 5.088656823
0.225 5.214517775
0.23 5.339761974
0.235 5.464390746
0.24 5.588405645
0.245 5.711808419
0.25 5.834600982
0.255 5.956785387
0.26 6.078363807
0.265 6.199338515
0.27 6.31971187
0.275 6.439486304
0.28 6.558664307
0.285 6.677248421
0.29 6.795241229
0.295 6.912645346
0.3 7.029463418
0.305 7.145698111
0.31 7.261352106
0.315 7.376428101
0.32 7.490928799
0.325 7.604856912
0.33 7.718215154
0.335 7.831006239
0.34 7.943232883
0.345 8.054897797
0.35 8.166003686
0.355 8.276553253
0.36 8.386549191
0.365 8.495994188
0.37 8.60489092
0.375 8.713242057
0.38 8.821050257
0.385 8.928318168
0.39 9.035048427
0.395 9.14124366
0.4 9.246906479
0.405 9.352039488
0.41 9.456645275
0.415 9.560726417
0.42 9.664285478
0.425 9.767325011
0.43 9.869847552
0.435 9.971855628
0.44 10.07335175
0.445 10.17433842
0.45 10.27481812
0.455 10.37479332
0.46 10.47426648
0.465 10.57324005
0.47 10.67171645
0.475 10.76969811
0.48 10.86718744
0.485 10.96418681
0.49 11.06069861
0.495 11.15672521
0.5 11.25226894
