0 1000
0.005 460.7651605
0.01 564.8932843
0.015 529.5315487
0.02 527.2896951
0.025 517.271302
0.03 508.4858654
0.035 499.4998887
0.04 491.0807249
0.045 483.3167726
0.05 476.2986301
0.055 470.0192279
0.06 464.4396739
0.065 459.5026851
0.07 455.146076
0.075 451.3085524
0.08 447.9326929
0.085 444.966061
0.09 442.3614382
0.095 440.0766263
0.1 438.0740712
0.105 436.3204313
0.11 434.7861478
0.115 433.4450419
0.12 432.273948
0.125 431.2523828
0.13 430.3622497
0.135 429.5875736
0.14 428.9142651
0.145 428.3299082
0.15 427.8235722
0.155 427.3856424
0.16 427.0076695
0.165 426.6822347
0.17 426.4028298
0.175 426.1637506
0.18 425.9600009
0.185 425.787209
0.19 425.641552
0.195 425.5196898
0.2 425.4187062
0.205 425.3360569
0.21 425.269524
0.215 425.2171753
0.22 425.1773291
0.225 425.1485228
0.23 425.1294854
0.235 425.1191135
0.24 425.1164503
0.245 425.1206669
0.25 425.1310463
0.255 425.1469692
0.26 425.1679013
0.265 425.1933832
0.27 425.2230203
0.275 425.2564747
0.28 425.2934583
0.285 425.3337264
0.29 425.3770719
0.295 425.4233212
0.3 425.4723295
0.305 425.5239776
0.31 425.5781685
0.315 425.6348247
0.32 425.693886
0.325 425.7553076
0.33 425.8190577
0.335 425.8851168
0.34 425.9534755
0.345 426.0241342
0.35 426.0971014
0.355 426.1723933
0.36 426.2500328
0.365 426.330049
0.37 426.4124766
0.375 426.4973556
0.38 426.5847306
0.385 426.6746506
0.39 426.7671688
0.395 426.8623424
0.4 426.9602321
0.405 427.0609024
0.41 427.164421
0.415 427.2708591
0.42 427.3802909
0.425 427.4927941
0.43 427.6084493
0.435 427.7273402
0.44 427.8495539
0.445 427.9751804
0.45 428.1043129
0.455 428.2370477
0.46 428.3734845
0.465 428.5137261
0.47 428.6578788
0.475 428.8060522
0.48 428.9583594
0.485 429.1149169
0.49 429.2758451
0.495 429.4412681
0.5 429.6113136
