0 0
0.005 2.297126984
0.01 2.67499913
0.015 3.16967859
0.02 3.468058948
0.025 3.735021233
0.03 3.955190083
0.035 4.152786224
0.04 4.332402231
0.045 4.50031895
0.05 4.659754561
0.055 4.813199739
0.06 4.962285705
0.065 5.108170616
0.07 5.251654766
0.075 5.393298539
0.08 5.533491418
0.085 5.672503145
0.09 5.810518623
0.095 5.94766282
0.1 6.084018387
0.105 6.219638239
0.11 6.35455453
0.115 6.488785075
0.12 6.622337921
0.125 6.755214605
0.13 6.88741246
0.135 7.018926228
0.14 7.149749188
0.145 7.279873928
0.15 7.409292862
0.155 7.537998571
0.16 7.665984014
0.165 7.793242655
0.17 7.919768518
0.175 8.045556216
0.18 8.170600938
0.185 8.294898429
0.19 8.418444953
0.195 8.541237256
0.2 8.66327252
0.205 8.784548327
0.21 8.905062611
0.215 9.024813628
0.22 9.143799913
0.225 9.262020256
0.23 9.379473668
0.235 9.496159356
0.24 9.612076703
0.245 9.727225247
0.25 9.841604663
0.255 9.955214747
0.26 10.06805541
0.265 10.18012665
0.27 10.29142858
0.275 10.40196138
0.28 10.51172529
0.285 10.62072066
0.29 10.72894788
0.295 10.83640743
0.3 10.94309983
0.305 11.04902568
0.31 11.15418565
0.315 11.25858046
0.32 11.3622109
0.325 11.46507783
0.33 11.56718217
0.335 11.66852494
0.34 11.76910721
0.345 11.86893013
0.35 11.96799493
0.355 12.06630293
0.36 12.16385555
0.365 12.26065428
0.37 12.35670072
0.375 12.45199658
0.38 12.54654364
0.385 12.64034384
0.39 12.73339919
0.395 12.82571185
0.4 12.91728408
0.405 13.00811829
0.41 13.09821701
0.415 13.1875829
0.42 13.27621878
0.425 13.3641276
0.43 13.45131246
0.435 13.53777664
0.44 13.62352354
0.445 13.70855676
0.45 13.79288002
0.455 13.87649725
0.46 13.95941254
0.465 14.04163014
0.47 14.12315449
0.475 14.20399022
0.48 14.28414212
0.485 14.36361518
0.49 14.44241457
0.495 14.52054565
0.5 14.59801396
