0 0
0.005 0.156298142
0.01 0.3118186812
0.015 0.4665654865
0.02 0.6205424071
0.025 0.7737532734
0.03 0.9262018966
0.035 1.077892069
0.04 1.228827564
0.045 1.379012136
0.05 1.528449521
0.055 1.677143436
0.06 1.825097581
0.065 1.972315636
0.07 2.118801262
0.075 2.264558104
0.08 2.409589788
0.085 2.553899921
0.09 2.697492093
0.095 2.840369877
0.1 2.982536825
0.105 3.123996475
0.11 3.264752346
0.115 3.404807939
0.12 3.544166738
0.125 3.68283221
0.13 3.820807804
0.135 3.958096952
0.14 4.094703069
0.145 4.230629554
0.15 4.365879787
0.155 4.500457135
0.16 4.634364942
0.165 4.767606542
0.17 4.900185249
0.175 5.03210436
0.18 5.163367157
0.185 5.293976905
0.19 5.423936853
0.195 5.553250235
0.2 5.681920266
0.205 5.809950148
0.21 5.937343065
0.215 6.064102187
0.22 6.190230666
0.225 6.315731641
0.23 6.440608232
0.235 6.564863547
0.24 6.688500677
0.245 6.811522696
0.25 6.933932665
0.255 7.05573363
0.26 7.176928619
0.265 7.297520649
0.27 7.417512718
0.275 7.536907811
0.28 7.6557089
0.285 7.773918938
0.29 7.891540866
0.295 8.008577611
0.3 8.125032083
0.305 8.24090718
0.31 8.356205783
0.315 8.470930762
0.32 8.58508497
0.325 8.698671247
0.33 8.811692417
0.335 8.924151293
0.34 9.036050673
0.345 9.147393339
0.35 9.258182061
0.355 9.368419596
0.36 9.478108685
0.365 9.587252057
0.37 9.695852428
0.375 9.803912498
0.38 9.911434956
0.385 10.01842248
0.39 10.12487772
0.395 10.23080334
0.4 10.33620196
0.405 10.44107621
0.41 10.5454287
0.415 10.64926202
0.42 10.75257876
0.425 10.85538149
0.43 10.95767276
0.435 11.05945511
0.44 11.16073109
0.445 11.26150321
0.45 11.36177397
0.455 11.46154587
0.46 11.5608214
0.465 11.65960302
0.47 11.75789318
0.475 11.85569434
0.48 11.95300893
0.485 12.04983937
0.49 12.14618806
0.495 12.24205741
0.5 12.33744979
