0 185.4972097
0.005 128.6510537
0.01 111.754822
0.015 101.6349761
0.02 94.23181162
0.025 88.14367512
0.03 82.74407701
0.035 77.72711595
0.04 72.93608101
0.045 68.28831744
0.05 63.73931249
0.055 59.26470665
0.06 54.85095469
0.065 50.49037763
0.07 46.17850339
0.075 41.91262564
0.08 37.69101782
0.085 33.51250236
0.09 29.37621341
0.095 25.28146525
0.1 21.22767871
0.105 17.2143396
0.11 13.2409749
0.115 9.307138817
0.12 5.412404477
0.125 1.556358819
0.13 -2.26140062
0.135 -6.041267802
0.14 -9.783629603
0.145 -13.48886678
0.15 -17.15735468
0.155 -20.78946371
0.16 -24.38555978
0.165 -27.94600452
0.17 -31.47115552
0.175 -34.96136654
0.18 -38.41698761
0.185 -41.83836514
0.19 -45.22584204
0.195 -48.57975779
0.2 -51.9004485
0.205 -55.18824698
0.21 -58.44348278
0.215 -61.66648226
0.22 -64.85756859
0.225 -68.01706187
0.23 -71.14527909
0.235 -74.24253421
0.24 -77.30913818
0.245 -80.34539899
0.25 -83.3516217
0.255 -86.32810845
0.26 -89.27515851
0.265 -92.19306833
0.27 -95.08213154
0.275 -97.94263899
0.28 -100.7748788
0.285 -103.5791363
0.29 -106.3556942
0.295 -109.1048326
0.3 -111.8268288
0.305 -114.5219576
0.31 -117.1904912
0.315 -119.8326993
0.32 -122.4488489
0.325 -125.0392046
0.33 -127.6040285
0.335 -130.1435804
0.34 -132.6581172
0.345 -135.1478939
0.35 -137.6131629
0.355 -140.054174
0.36 -142.471175
0.365 -144.8644112
0.37 -147.2341254
0.375 -149.5805584
0.38 -151.9039486
0.385 -154.204532
0.39 -156.4825424
0.395 -158.7382115
0.4 -160.9717686
0.405 -163.1834407
0.41 -165.3734529
0.415 -167.5420278
0.42 -169.689386
0.425 -171.8157457
0.43 -173.9213231
0.435 -176.0063322
0.44 -178.0709848
0.445 -180.1154905
0.45 -182.1400569
0.455 -184.1448893
0.46 -186.130191
0.465 -188.0961628
0.47 -190.0430038
0.475 -191.9709108
0.48 -193.8800783
0.485 -195.7706988
0.49 -197.6429628
0.495 -199.4970583
0.5 -201.3331715
