0 1.928749848e-19
0.005 0.1153427158
0.01 0.4901158632
0.015 1.150010257
0.02 1.991495201
0.025 2.868625414
0.03 3.668223866
0.035 4.332861901
0.04 4.849836372
0.045 5.23187741
0.05 5.502034937
0.055 5.684883717
0.06 5.802427204
0.065 5.872722837
0.07 5.909844908
0.075 5.92439469
0.08 5.924159668
0.085 5.914744048
0.09 5.900105061
0.095 5.882982257
0.1 5.865228915
0.105 5.84806194
0.11 5.832247213
0.115 5.81823535
0.12 5.806260123
0.125 5.796409164
0.13 5.788674279
0.135 5.782986916
0.14 5.779242867
0.145 5.777319245
0.15 5.777085932
0.155 5.778413105
0.16 5.781176007
0.165 5.785257805
0.17 5.790551122
0.175 5.796958681
0.18 5.80439337
0.185 5.812777918
0.19 5.822044359
0.195 5.832133368
0.2 5.842993542
0.205 5.854580668
0.21 5.866857023
0.215 5.879790699
0.22 5.893354983
0.225 5.907527789
0.23 5.922291145
0.235 5.937630724
0.24 5.953535437
0.245 5.969997059
0.25 5.987009912
0.255 6.004570569
0.26 6.022677608
0.265 6.041331388
0.27 6.060533856
0.275 6.080288373
0.28 6.100599572
0.285 6.121473222
0.29 6.142916118
0.295 6.16493598
0.3 6.18754137
0.305 6.210741612
0.31 6.234546729
0.315 6.258967386
0.32 6.28401484
0.325 6.309700893
0.33 6.336037857
0.335 6.363038518
0.34 6.390716109
0.345 6.419084279
0.35 6.448157075
0.355 6.477948915
0.36 6.508474576
0.365 6.539749172
0.37 6.571788139
0.375 6.604607222
0.38 6.638222461
0.385 6.672650178
0.39 6.707906965
0.395 6.744009671
0.4 6.780975393
0.405 6.818821462
0.41 6.857565431
0.415 6.897225068
0.42 6.937818337
0.425 6.979363392
0.43 7.021878561
0.435 7.065382334
0.44 7.109893349
0.445 7.155430378
0.45 7.202012311
0.455 7.249658144
0.46 7.298386958
0.465 7.348217904
0.47 7.399170185
0.475 7.451263039
0.48 7.504515714
0.485 7.558947455
0.49 7.614577475
0.495 7.671424937
0.5 7.729508928
