0 0
0.005 0.0005631454953
0.01 0.005391233535
0.015 0.02055217983
0.02 0.05128838226
0.025 0.1000565736
0.03 0.1666151881
0.035 0.2490603717
0.04 0.3448293941
0.045 0.4513359206
0.05 0.5662732834
0.055 0.6877124101
0.06 0.8140971044
0.065 0.9441977501
0.07 1.077054263
0.075 1.211921864
0.08 1.34822455
0.085 1.485517185
0.09 1.623455473
0.095 1.761772584
0.1 1.900261133
0.105 2.038759389
0.11 2.177140733
0.115 2.315305636
0.12 2.453175536
0.125 2.590688177
0.13 2.727794038
0.135 2.864453605
0.14 3.000635269
0.145 3.136313702
0.15 3.271468607
0.155 3.406083733
0.16 3.540146107
0.165 3.673645433
0.17 3.806573606
0.175 3.938924333
0.18 4.070692826
0.185 4.201875547
0.19 4.33247001
0.195 4.462474612
0.2 4.591888498
0.205 4.720711447
0.21 4.848943776
0.215 4.97658626
0.22 5.103640071
0.225 5.230106713
0.23 5.355987982
0.235 5.481285919
0.24 5.606002782
0.245 5.730141011
0.25 5.853703202
0.255 5.97669209
0.26 6.099110528
0.265 6.220961469
0.27 6.342247952
0.275 6.462973094
0.28 6.583140075
0.285 6.70275213
0.29 6.821812541
0.295 6.940324634
0.3 7.058291764
0.305 7.17571732
0.31 7.292604714
0.315 7.408957378
0.32 7.524778762
0.325 7.640072329
0.33 7.754841554
0.335 7.86908992
0.34 7.982820916
0.345 8.096038037
0.35 8.208744779
0.355 8.320944641
0.36 8.432641118
0.365 8.543837707
0.37 8.654537898
0.375 8.764745179
0.38 8.874463032
0.385 8.983694932
0.39 9.092444344
0.395 9.200714726
0.4 9.308509527
0.405 9.415832181
0.41 9.522686113
0.415 9.629074733
0.42 9.735001437
0.425 9.840469606
0.43 9.945482603
0.435 10.05004377
0.44 10.15415645
0.445 10.25782392
0.45 10.36104949
0.455 10.46383642
0.46 10.56618794
0.465 10.66810726
0.47 10.76959757
0.475 10.87066203
0.48 10.97130377
0.485 11.07152587
0.49 11.17133142
0.495 11.27072343
0.5 11.36970491
