0 1000
0.005 460.7651605
0.01 564.578353
0.015 495.2940358
0.02 493.2681819
0.025 473.3911047
0.03 462.4284587
0.035 451.2126272
0.04 442.1945507
0.045 434.28389
0.05 427.5103201
0.055 421.6146125
0.06 416.4638809
0.065 411.9256591
0.07 407.8985255
0.075 404.2977807
0.08 401.0545619
0.085 398.1119828
0.09 395.4229038
0.095 392.9479403
0.1 390.6539712
0.105 388.5129563
0.11 386.5010165
0.115 384.5977087
0.12 382.7854506
0.125 381.0490609
0.13 379.3753878
0.135 377.7530056
0.14 376.171965
0.145 374.6235854
0.15 373.1002805
0.155 371.595411
0.16 370.1031598
0.165 368.6184245
0.17 367.1367257
0.175 365.6541277
0.18 364.1671698
0.185 362.6728069
0.19 361.168358
0.195 359.6514613
0.2 358.1200353
0.205 356.5722445
0.21 355.0064704
0.215 353.4212857
0.22 351.8154315
0.225 350.1877988
0.23 348.5374107
0.235 346.8634085
0.24 345.165039
0.245 343.4416432
0.25 341.6926473
0.255 339.9175544
0.26 338.1159374
0.265 336.2874334
0.27 334.4317384
0.275 332.5486027
0.28 330.6378275
0.285 328.699262
0.29 326.7328001
0.295 324.738379
0.3 322.7159766
0.305 320.6656105
0.31 318.5873367
0.315 316.4812484
0.32 314.3474752
0.325 312.1861828
0.33 309.9975718
0.335 307.7818779
0.34 305.5393713
0.345 303.2703565
0.35 300.975172
0.355 298.6541903
0.36 296.3078175
0.365 293.9364934
0.37 291.5406911
0.375 289.120917
0.38 286.6777106
0.385 284.2116441
0.39 281.7233223
0.395 279.2133824
0.4 276.6824934
0.405 274.1313555
0.41 271.5607003
0.415 268.9712895
0.42 266.3639147
0.425 263.7393969
0.43 261.0985849
0.435 258.4423556
0.44 255.7716122
0.445 253.0872836
0.45 250.3903233
0.455 247.681708
0.46 244.962437
0.465 242.2335301
0.47 239.4960269
0.475 236.7509851
0.48 233.9994788
0.485 231.2425974
0.49 228.4814436
0.495 225.7171317
0.5 222.9507863
