0 1000
0.005 884.5722823
0.01 883.6691026
0.015 891.0691893
0.02 898.1607873
0.025 905.8618896
0.03 915.4166521
0.035 927.5315438
0.04 942.5492664
0.045 960.6489455
0.05 981.9661366
0.055 1006.655187
0.06 1034.920868
0.065 1067.03603
0.07 1103.354451
0.075 1144.323727
0.08 1190.50108
0.085 1242.574028
0.09 1301.38783
0.095 1367.981899
0.1 1443.638139
0.105 1529.945277
0.11 1628.884995
0.115 1742.948145
0.12 1875.293043
0.125 2029.963394
0.13 2212.191802
0.135 2428.827677
0.14 2688.948309
0.145 3004.743049
0.15 3392.809734
0.155 3876.080556
0.16 4486.718631
0.165 5270.52317
0.17 6293.688803
0.175 7653.234468
0.18 9493.104117
0.185 12028.87661
0.19 15585.16891
0.195 20651.08613
0.2 27960.77153
0.205 38610.94214
0.21 54246.65142
0.215 77418.04045
0.22 112458.6845
0.225 168182.1124
0.23 268512.0595
0.235 518620.1306
0.24 2995173.727
0.245 91277.92121
0.25 4747.586612
0.255 5835.626605
0.26 9909.360941
0.265 15271.27625
0.27 22873.90424
0.275 34093.63849
0.28 50934.09366
0.285 76441.07922
0.29 115740.7726
0.295 179444.3735
0.3 298213.0928
0.305 628601.5181
0.31 22953828.19
0.315 5790.016728
0.32 1777.538058
0.325 1532.609993
0.33 2611.895504
0.335 3862.054819
0.34 5445.085843
0.345 7582.347128
0.35 10595.29258
0.355 14972.44012
0.36 21463.5036
0.365 31210.44292
0.37 45935.27047
0.375 68260.90101
0.38 102463.6061
0.385 156789.8663
0.39 252482.242
0.395 476680.1296
0.4 2061173.9
0.405 646775.503
0.41 8035.147522
0.415 3923.03164
0.42 4955.485884
0.425 8179.472052
0.43 12469.71775
0.435 18606.6549
0.44 27711.71942
0.445 41442.32546
0.45 62286.76612
0.455 94196.73354
0.46 144456.7822
0.465 230673.4089
0.47 418079.34
0.475 1334614.786
0.48 3389060.138
0.485 326466.469
0.49 11454.5132
0.495 4916.808597
0.5 7767.306546
