0 185.4972097
0.005 134.2550154
0.01 115.3205988
0.015 103.8831683
0.02 95.59706405
0.025 88.90696242
0.03 83.09464972
0.035 77.79128795
0.04 72.79692006
0.045 67.99941053
0.05 63.33429709
0.055 58.76373858
0.06 54.26504851
0.065 49.82427789
0.07 45.43255065
0.075 41.08393724
0.08 36.77420251
0.085 32.50005622
0.09 28.25869391
0.095 24.0475053
0.1 19.86387777
0.105 15.70505175
0.11 11.56800132
0.115 7.449322711
0.12 3.34511905
0.125 -0.7491277719
0.13 -4.838705415
0.135 -8.929845847
0.14 -13.02993134
0.145 -17.14773354
0.15 -21.29368125
0.155 -25.48013934
0.16 -29.72165658
0.165 -34.03509302
0.17 -38.43945607
0.175 -42.95513727
0.18 -47.60203118
0.185 -52.39572232
0.19 -57.34054951
0.195 -62.41779549
0.2 -67.56543421
0.205 -72.63426379
0.21 nan
0.215 nan
0.22 nan
0.225 nan
0.23 nan
0.235 nan
0.24 nan
0.245 nan
0.25 -84.64691933
0.255 -96.29136096
0.26 -102.0677874
0.265 -107.341387
0.27 -112.5218855
0.275 -117.5596615
0.28 nan
0.285 nan
0.29 nan
0.295 nan
0.3 nan
0.305 nan
0.31 nan
0.315 nan
0.32 -115.0008683
0.325 -127.3865369
0.33 -132.5660757
0.335 -136.9717646
0.34 -141.2205921
0.345 -145.5006233
0.35 -149.891205
0.355 -154.4144017
0.36 -159.0330014
0.365 -163.6213683
0.37 -167.8540797
0.375 nan
0.38 nan
0.385 nan
0.39 nan
0.395 nan
0.4 nan
0.405 nan
0.41 nan
0.415 -171.2240325
0.42 -178.2606665
0.425 -183.1767562
0.43 -187.6895161
0.435 -192.1405046
0.44 -196.5366532
0.445 -200.6528693
0.45 nan
0.455 nan
0.46 nan
0.465 nan
0.47 nan
0.475 nan
0.48 nan
0.485 nan
0.49 nan
0.495 -206.9110149
0.5 -211.740838
