0 31.41592654
0.005 31.41592654
0.01 31.41592654
0.015 31.41592654
0.02 31.41592654
0.025 31.41592654
0.03 31.41592654
0.035 31.41592654
0.04 31.41592654
0.045 31.41592654
0.05 31.41592654
0.055 31.41592654
0.06 31.41592654
0.065 31.41592654
0.07 31.41592654
0.075 31.41592654
0.08 31.41592654
0.085 31.41592654
0.09 31.41592654
0.095 31.41592654
0.1 31.41592654
0.105 31.41592654
0.11 31.41592654
0.115 31.41592654
0.12 31.41592654
0.125 31.41592654
0.13 31.41592654
0.135 31.41592654
0.14 31.41592654
0.145 31.41592654
0.15 31.41592654
0.155 31.41592654
0.16 31.41592654
0.165 31.41592654
0.17 31.41592654
0.175 31.41592654
0.18 31.41592654
0.185 31.41592654
0.19 31.41592654
0.195 31.41592654
0.2 31.41592654
0.205 31.41592654
0.21 31.41592654
0.215 31.41592654
0.22 31.41592654
0.225 31.41592654
0.23 31.41592654
0.235 31.41592654
0.24 31.41592654
0.245 31.41592654
0.25 31.41592654
0.255 31.41592654
0.26 31.41592654
0.265 31.41592654
0.27 31.41592654
0.275 31.41592654
0.28 31.41592654
0.285 31.41592654
0.29 31.41592654
0.295 31.41592654
0.3 31.41592654
0.305 31.41592654
0.31 31.41592654
0.315 31.41592654
0.32 31.41592654
0.325 31.41592654
0.33 31.41592654
0.335 31.41592654
0.34 31.41592654
0.345 31.41592654
0.35 31.41592654
0.355 31.41592654
0.36 31.41592654
0.365 31.41592654
0.37 31.41592654
0.375 31.41592654
0.38 31.41592654
0.385 31.41592654
0.39 31.41592654
0.395 31.41592654
0.4 31.41592654
0.405 31.41592654
0.41 31.41592654
0.415 31.41592654
0.42 31.41592654
0.425 31.41592654
0.43 31.41592654
0.435 31.41592654
0.44 31.41592654
0.445 31.41592654
0.45 31.41592654
0.455 31.41592654
0.46 31.41592654
0.465 31.41592654
0.47 31.41592654
0.475 31.41592654
0.48 31.41592654
0.485 31.41592654
0.49 31.41592654
0.495 31.41592654
0.5 31.41592654
