0 0
0.005 0.0005631454953
0.01 0.004390288856
0.015 0.01587468878
0.02 0.03920623951
0.025 0.07697641977
0.03 0.1299094665
0.035 0.1972981855
0.04 0.2776094564
0.045 0.3689780086
0.05 0.4695219858
0.055 0.5775100908
0.06 0.6914308561
0.065 0.8100060026
0.07 0.9321757373
0.075 1.057072359
0.08 1.183990962
0.085 1.312361522
0.09 1.44172418
0.095 1.571708225
0.1 1.702014656
0.105 1.832401957
0.11 1.962674595
0.115 2.092673815
0.12 2.222270294
0.125 2.351358318
0.13 2.479851191
0.135 2.607677635
0.14 2.734779007
0.145 2.861107168
0.15 2.986622915
0.155 3.111294885
0.16 3.235098864
0.165 3.358017491
0.17 3.480040293
0.175 3.601164074
0.18 3.721393609
0.185 3.840742628
0.19 3.959235007
0.195 4.076906029
0.2 4.193803495
0.205 4.30998836
0.21 4.425534483
0.215 4.540527124
0.22 4.655059954
0.225 4.769230701
0.23 4.883135943
0.235 4.996866044
0.24 5.110502373
0.245 5.224155362
0.25 5.33800116
0.255 5.452227737
0.26 5.566938383
0.265 5.682099341
0.27 5.797555344
0.275 5.913085107
0.28 6.028461092
0.285 6.143485763
0.29 6.257842913
0.295 6.37177634
0.3 6.485235212
0.305 6.598203569
0.31 6.710688808
0.315 -52.94272528
0.32 6.935229879
0.325 7.048051013
0.33 7.161539114
0.335 7.275615114
0.34 7.390001709
0.345 7.504318713
0.35 7.618171606
0.355 7.731213593
0.36 7.843179525
0.365 7.953897642
0.37 8.063286453
0.375 8.171342783
0.38 8.278125213
0.385 8.383735793
0.39 8.488302085
0.395 8.591961215
0.4 8.694847469
0.405 8.797092377
0.41 8.898874522
0.415 9.000406421
0.42 9.101868348
0.425 9.203353474
0.43 9.304851076
0.435 9.406262364
0.44 9.507434612
0.445 9.608200044
0.45 9.708409126
0.455 9.807952294
0.46 9.906768605
0.465 10.00484334
0.47 10.1021985
0.475 10.19888062
0.48 10.29495295
0.485 10.39019341
0.49 10.48448277
0.495 10.57811008
0.5 10.67158941
