0 0
0.005 2.297126984
0.01 3.27330897
0.015 3.885344432
0.02 4.337660311
0.025 4.703678548
0.03 5.01779134
0.035 5.298746202
0.04 5.557833262
0.045 5.802352882
0.05 6.037283292
0.055 6.266163867
0.06 6.491601366
0.065 6.715579849
0.07 6.939661134
0.075 7.165120614
0.08 7.393043128
0.085 7.624393304
0.09 7.860069294
0.095 8.100945698
0.1 8.347909649
0.105 8.601892968
0.11 8.863902585
0.115 9.135051082
0.12 9.416588957
0.125 9.709940134
0.13 10.01674217
0.135 10.33889257
0.14 10.67860258
0.145 11.03845925
0.15 11.42149611
0.155 11.83127075
0.16 12.27194453
0.165 12.74835385
0.17 13.26605214
0.175 13.83128601
0.18 14.45084689
0.185 15.13171364
0.19 15.88038811
0.195 16.70185956
0.2 17.59828024
0.205 18.56776668
0.21 19.60425473
0.215 20.69985073
0.22 21.8514253
0.225 23.07418034
0.23 24.43248739
0.235 26.14330601
0.24 29.17398856
0.245 50.69488528
0.25 16.13704342
0.255 16.57930193
0.26 17.48970686
0.265 18.41832375
0.27 19.40854996
0.275 20.47005167
0.28 21.59632175
0.285 22.7744805
0.29 23.99687913
0.295 25.27981319
0.3 26.70226399
0.305 28.54398169
0.31 32.22689337
0.315 211.1181725
0.32 15.3751211
0.325 15.51377061
0.33 16.30285828
0.335 17.0098823
0.34 17.72175995
0.345 18.47364864
0.35 19.2849171
0.355 20.16760596
0.36 21.12767823
0.365 22.16415533
0.37 23.2686473
0.375 24.42775608
0.38 25.63073629
0.385 26.88444876
0.39 28.24252856
0.395 29.89349935
0.4 32.64062659
0.405 46.89337353
0.41 20.17849959
0.415 19.34904712
0.42 19.87402262
0.425 20.74388691
0.43 21.63289892
0.435 22.58430625
0.44 23.60930128
0.445 24.7040428
0.45 25.85594072
0.455 27.05198855
0.46 28.29332711
0.465 29.62132236
0.47 31.18750398
0.475 33.59509834
0.48 42.28083364
0.485 93.33531962
0.49 22.84647247
0.495 21.45963631
0.5 22.11928246
