0 1.928749848e-19
0.005 0.06168311249
0.01 0.2615721736
0.015 0.618597129
0.02 1.086468871
0.025 1.591732089
0.03 2.070032221
0.035 2.48146119
0.04 2.809665704
0.045 3.054551079
0.05 3.224832476
0.055 3.332677942
0.06 3.390547557
0.065 3.409636269
0.07 3.399297954
0.075 3.366995564
0.08 3.318494361
0.085 3.258140219
0.09 3.189143143
0.095 3.113830768
0.1 3.03386022
0.105 2.950388193
0.11 2.864204006
0.115 2.77583194
0.12 2.685609059
0.125 2.593744024
0.13 2.500361461
0.135 2.405535567
0.14 2.309315843
0.145 2.211747207
0.15 2.112886202
0.155 2.012814585
0.16 1.911651235
0.165 1.809562976
0.17 1.70677457
0.175 1.603577769
0.18 1.500338836
0.185 1.397503414
0.19 1.295597035
0.195 1.195219173
0.2 1.097028721
0.205 1.001719633
0.21 -117.478065
0.215 -1304.907401
0.22 -2248.226027
0.225 -5138.757443
0.23 -24845.77127
0.235 -91844.11574
0.24 -723455.3091
0.245 -48808.69157
0.25 0.3625440181
0.255 0.3206294763
0.26 0.2843719555
0.265 0.2532137114
0.27 0.2264070077
0.275 0.2031218519
0.28 -52.97043192
0.285 -1307.801851
0.29 -2426.269891
0.295 -5674.476752
0.3 -32324.45207
0.305 -121517.1461
0.31 -5677990.206
0.315 -5146.405101
0.32 0.08028324362
0.325 0.07967730006
0.33 0.08418549149
0.335 0.0935075171
0.34 0.1062723107
0.345 0.1204823286
0.35 0.1340801768
0.355 0.1453741538
0.36 0.1532490436
0.365 0.1571970171
0.37 0.1572343357
0.375 -870.5129314
0.38 -2172.106149
0.385 -4773.871735
0.39 -20181.06976
0.395 -80693.11357
0.4 -490075.5569
0.405 -304232.0317
0.41 -905.9822386
0.415 0.08085841878
0.42 0.07540535065
0.425 0.07190825382
0.43 0.07001965032
0.435 0.06914128364
0.44 0.06859342448
0.445 0.06778405264
0.45 -498.7658811
0.455 -1986.472095
0.46 -4197.221376
0.465 -14376.02249
0.47 -64812.85639
0.475 -305611.8948
0.48 -8700200.361
0.485 -315063.4241
0.49 -1917.893415
0.495 0.04072768694
0.5 0.04778233794
