0 0
0.0001 -5.731557574e-10
0.0002 2.708621553e-09
0.0003 1.086189653e-08
0.0004 2.454632312e-08
0.0005 4.429833598e-08
0.0006 7.059779847e-08
0.0007 1.038918115e-07
0.0008 1.446056841e-07
0.0009 1.931491183e-07
0.001 2.499201642e-07
0.0011 3.153079439e-07
0.0012 3.896946195e-07
0.0013 4.734568659e-07
0.0014 5.669670027e-07
0.0015 6.705938855e-07
0.0016 7.847036199e-07
0.0017 9.096601431e-07
0.0018 1.045825705e-06
0.0019 1.193561271e-06
0.002 1.353226861e-06
0.0021 1.525181842e-06
0.0022 1.709785174e-06
0.0023 1.907395632e-06
0.0024 2.118371991e-06
0.0025 2.343073198e-06
0.0026 2.58185851e-06
0.0027 2.835087634e-06
0.0028 3.103120838e-06
0.0029 3.386319057e-06
0.003 3.685043988e-06
0.0031 3.999658172e-06
0.0032 4.330525075e-06
0.0033 4.678009153e-06
0.0034 5.04247592e-06
0.0035 5.424292004e-06
0.0036 5.823825202e-06
0.0037 6.241444526e-06
0.0038 6.677520252e-06
0.0039 7.132423958e-06
0.004 7.606528566e-06
0.0041 8.100208375e-06
0.0042 8.613839095e-06
0.0043 9.14779788e-06
0.0044 9.702463352e-06
0.0045 1.027821563e-05
0.0046 1.087543636e-05
0.0047 1.149450873e-05
0.0048 1.213581749e-05
0.0049 1.279974899e-05
0.005 1.348669118e-05
0.0051 1.419703364e-05
0.0052 1.493116758e-05
0.0053 1.568948589e-05
0.0054 1.647238311e-05
0.0055 1.728025548e-05
0.0056 1.811350094e-05
0.0057 1.897251914e-05
0.0058 1.985771146e-05
0.0059 2.076948102e-05
0.006 2.170823268e-05
0.0061 2.267437306e-05
0.0062 2.366831054e-05
0.0063 2.46904553e-05
0.0064 2.574121928e-05
0.0065 2.682101624e-05
0.0066 2.79302617e-05
0.0067 2.906937303e-05
0.0068 3.023876939e-05
0.0069 3.143887178e-05
0.007 3.267010301e-05
0.0071 3.393288775e-05
0.0072 3.522765248e-05
0.0073 3.655482556e-05
0.0074 3.791483716e-05
0.0075 3.930811935e-05
0.0076 4.073510602e-05
0.0077 4.219623297e-05
0.0078 4.369193782e-05
0.0079 4.522266011e-05
0.008 4.678884122e-05
0.0081 4.839092443e-05
0.0082 5.002935491e-05
0.0083 5.17045797e-05
0.0084 5.341704775e-05
0.0085 5.516720988e-05
0.0086 5.695551884e-05
0.0087 5.878242925e-05
0.0088 6.064839765e-05
0.0089 6.255388247e-05
0.009 6.449934406e-05
0.0091 6.648524468e-05
0.0092 6.851204848e-05
0.0093 7.058022155e-05
0.0094 7.269023188e-05
0.0095 7.484254937e-05
0.0096 7.703764586e-05
0.0097 7.927599509e-05
0.0098 8.155807272e-05
0.0099 8.388435635e-05
0.01 8.62553255e-05
0.0101 8.867146159e-05
0.0102 9.113324798e-05
0.0103 9.364116998e-05
0.0104 9.61957148e-05
0.0105 9.879737157e-05
0.0106 0.0001014466314
0.0107 0.0001041439872
0.0108 0.0001068899341
0.0109 0.0001096849687
0.011 0.00011252959
0.0111 0.0001154242987
0.0112 0.0001183695973
0.0113 0.0001213659906
0.0114 0.000124413985
0.0115 0.000127514089
0.0116 0.000130666813
0.0117 0.0001338726693
0.0118 0.0001371321721
0.0119 0.0001404458377
0.012 0.0001438141841
0.0121 0.0001472377314
0.0122 0.0001507170016
0.0123 0.0001542525185
0.0124 0.0001578448081
0.0125 0.0001614943982
0.0126 0.0001652018183
0.0127 0.0001689676001
0.0128 0.0001727922773
0.0129 0.0001766763853
0.013 0.0001806204614
0.0131 0.0001846250452
0.0132 0.0001886906777
0.0133 0.0001928179023
0.0134 0.000197007264
0.0135 0.0002012593099
0.0136 0.000205574589
0.0137 0.0002099536521
0.0138 0.0002143970521
0.0139 0.0002189053437
0.014 0.0002234790835
0.0141 0.0002281188301
0.0142 0.0002328251441
0.0143 0.0002375985877
0.0144 0.0002424397254
0.0145 0.0002473491233
0.0146 0.0002523273496
0.0147 0.0002573749743
0.0148 0.0002624925694
0.0149 0.0002676807088
0.015 0.0002729399682
0.0151 0.0002782709253
0.0152 0.0002836741598
0.0153 0.000289150253
0.0154 0.0002946997884
0.0155 0.0003003233513
0.0156 0.0003060215288
0.0157 0.00031179491
0.0158 0.0003176440858
0.0159 0.0003235696493
0.016 0.000329572195
0.0161 0.0003356523197
0.0162 0.0003418106218
0.0163 0.0003480477018
0.0164 0.000354364162
0.0165 0.0003607606066
0.0166 0.0003672376415
0.0167 0.0003737958748
0.0168 0.0003804359163
0.0169 0.0003871583775
0.017 0.0003939638722
0.0171 0.0004008530157
0.0172 0.0004078264252
0.0173 0.00041488472
0.0174 0.000422028521
0.0175 0.0004292584512
0.0176 0.0004365751352
0.0177 0.0004439791997
0.0178 0.000451471273
0.0179 0.0004590519856
0.018 0.0004667219694
0.0181 0.0004744818586
0.0182 0.0004823322889
0.0183 0.000490273898
0.0184 0.0004983073254
0.0185 0.0005064332125
0.0186 0.0005146522024
0.0187 0.0005229649402
0.0188 0.0005313720727
0.0189 0.0005398742485
0.019 0.0005484721182
0.0191 0.000557166334
0.0192 0.0005659575502
0.0193 0.0005748464225
0.0194 0.0005838336088
0.0195 0.0005929197687
0.0196 0.0006021055634
0.0197 0.0006113916562
0.0198 0.0006207787121
0.0199 0.0006302673978
0.02 0.0006398583819
