0 0
0.0001 -1.19817802e-09
0.0002 5.661227568e-09
0.0003 2.269768263e-08
0.0004 5.128329225e-08
0.0005 9.253168506e-08
0.0006 1.474374587e-07
0.0007 2.169260106e-07
0.0008 3.018765083e-07
0.0009 4.031348445e-07
0.001 5.215219222e-07
0.0011 6.578393629e-07
0.0012 8.128736298e-07
0.0013 9.873991143e-07
0.0014 1.182180508e-06
0.0015 1.397974669e-06
0.0016 1.635532117e-06
0.0017 1.895598255e-06
0.0018 2.178914368e-06
0.0019 2.486218475e-06
0.002 2.818246029e-06
0.0021 3.175730534e-06
0.0022 3.559404058e-06
0.0023 3.96999769e-06
0.0024 4.408241934e-06
0.0025 4.874867053e-06
0.0026 5.370603374e-06
0.0027 5.896181561e-06
0.0028 6.452332855e-06
0.0029 7.039789289e-06
0.003 7.659283881e-06
0.0031 8.311550811e-06
0.0032 8.997325575e-06
0.0033 9.717345128e-06
0.0034 1.047234802e-05
0.0035 1.12630745e-05
0.0036 1.209026664e-05
0.0037 1.295466842e-05
0.0038 1.385702584e-05
0.0039 1.479808696e-05
0.004 1.577860203e-05
0.0041 1.679932353e-05
0.0042 1.786100621e-05
0.0043 1.896440723e-05
0.0044 2.011028611e-05
0.0045 2.129940488e-05
0.0046 2.253252806e-05
0.0047 2.381042273e-05
0.0048 2.513385855e-05
0.0049 2.650360786e-05
0.005 2.792044563e-05
0.0051 2.938514954e-05
0.0052 3.089850001e-05
0.0053 3.246128022e-05
0.0054 3.407427615e-05
0.0055 3.573827655e-05
0.0056 3.745407305e-05
0.0057 3.922246011e-05
0.0058 4.104423506e-05
0.0059 4.292019814e-05
0.006 4.485115248e-05
0.0061 4.683790413e-05
0.0062 4.88812621e-05
0.0063 5.098203832e-05
0.0064 5.314104771e-05
0.0065 5.535910814e-05
0.0066 5.763704048e-05
0.0067 5.997566857e-05
0.0068 6.237581925e-05
0.0069 6.48383224e-05
0.007 6.736401087e-05
0.0071 6.995372056e-05
0.0072 7.260829036e-05
0.0073 7.532856223e-05
0.0074 7.811538111e-05
0.0075 8.096959503e-05
0.0076 8.389205501e-05
0.0077 8.688361513e-05
0.0078 8.994513252e-05
0.0079 9.307746732e-05
0.008 9.628148273e-05
0.0081 9.955804501e-05
0.0082 0.0001029080234
0.0083 0.0001063322903
0.0084 0.0001098317209
0.0085 0.0001134071938
0.0086 0.0001170595903
0.0087 0.0001207897949
0.0088 0.000124598695
0.0089 0.0001284871812
0.009 0.0001324561469
0.0091 0.0001365064888
0.0092 0.0001406391064
0.0093 0.0001448549022
0.0094 0.0001491547817
0.0095 0.0001535396536
0.0096 0.0001580104294
0.0097 0.0001625680235
0.0098 0.0001672133535
0.0099 0.0001719473398
0.01 0.0001767709058
0.0101 0.0001816849779
0.0102 0.0001866904855
0.0103 0.0001917883608
0.0104 0.0001969795389
0.0105 0.000202264958
0.0106 0.000207645559
0.0107 0.000213122286
0.0108 0.0002186960856
0.0109 0.0002243679076
0.011 0.0002301387046
0.0111 0.0002360094319
0.0112 0.0002419810479
0.0113 0.0002480545135
0.0114 0.0002542307929
0.0115 0.0002605108527
0.0116 0.0002668956625
0.0117 0.0002733861947
0.0118 0.0002799834243
0.0119 0.0002866883293
0.012 0.0002935018905
0.0121 0.0003004250911
0.0122 0.0003074589173
0.0123 0.000314604358
0.0124 0.0003218624047
0.0125 0.0003292340518
0.0126 0.000336720296
0.0127 0.0003443221371
0.0128 0.0003520405773
0.0129 0.0003598766214
0.013 0.000367831277
0.0131 0.000375905554
0.0132 0.0003841004653
0.0133 0.0003924170261
0.0134 0.0004008562542
0.0135 0.0004094191699
0.0136 0.0004181067962
0.0137 0.0004269201583
0.0138 0.0004358602843
0.0139 0.0004449282044
0.014 0.0004541249515
0.0141 0.0004634515608
0.0142 0.00047290907
0.0143 0.0004824985192
0.0144 0.0004922209508
0.0145 0.0005020774097
0.0146 0.0005120689431
0.0147 0.0005221966004
0.0148 0.0005324614336
0.0149 0.0005428644966
0.015 0.0005534068461
0.0151 0.0005640895405
0.0152 0.0005749136407
0.0153 0.00058588021
0.0154 0.0005969903135
0.0155 0.0006082450188
0.0156 0.0006196453955
0.0157 0.0006311925153
0.0158 0.0006428874522
0.0159 0.000654731282
0.016 0.0006667250829
0.0161 0.0006788699349
0.0162 0.0006911669201
0.0163 0.0007036171227
0.0164 0.0007162216287
0.0165 0.0007289815263
0.0166 0.0007418979053
0.0167 0.0007549718578
0.0168 0.0007682044775
0.0169 0.0007815968601
0.017 0.0007951501031
0.0171 0.0008088653059
0.0172 0.0008227435696
0.0173 0.0008367859972
0.0174 0.0008509936932
0.0175 0.0008653677641
0.0176 0.0008799093179
0.0177 0.0008946194645
0.0178 0.0009094993152
0.0179 0.000924549983
0.018 0.0009397725827
0.0181 0.0009551682304
0.0182 0.0009707380439
0.0183 0.0009864831425
0.0184 0.001002404647
0.0185 0.001018503679
0.0186 0.001034781364
0.0187 0.001051238825
0.0188 0.001067877189
0.0189 0.001084697585
0.019 0.001101701142
0.0191 0.001118888989
0.0192 0.001136262259
0.0193 0.001153822085
0.0194 0.0011715696
0.0195 0.001189505942
0.0196 0.001207632245
0.0197 0.001225949648
0.0198 0.00124445929
0.0199 0.001263162311
0.02 0.001282059851
