0 280.5366196
0.0001 280.5924718
0.0002 280.6483236
0.0003 280.7041748
0.0004 280.7600254
0.0005 280.8158754
0.0006 280.8717249
0.0007 280.9275739
0.0008 280.9834222
0.0009 281.0392701
0.001 281.0951173
0.0011 281.150964
0.0012 281.2068102
0.0013 281.2626558
0.0014 281.3185008
0.0015 281.3743453
0.0016 281.4301892
0.0017 281.4860325
0.0018 281.5418753
0.0019 281.5977176
0.002 281.6535593
0.0021 281.7094004
0.0022 281.7652409
0.0023 281.8210809
0.0024 281.8769204
0.0025 281.9327593
0.0026 281.9885976
0.0027 282.0444354
0.0028 282.1002726
0.0029 282.1561092
0.003 282.2119453
0.0031 282.2677809
0.0032 282.3236159
0.0033 282.3794503
0.0034 282.4352841
0.0035 282.4911174
0.0036 282.5469502
0.0037 282.6027824
0.0038 282.658614
0.0039 282.7144451
0.004 282.7702756
0.0041 282.8261055
0.0042 282.8819349
0.0043 282.9377638
0.0044 282.9935921
0.0045 283.0494198
0.0046 283.1052469
0.0047 283.1610735
0.0048 283.2168996
0.0049 283.2727251
0.005 283.32855
0.0051 283.3843744
0.0052 283.4401982
0.0053 283.4960214
0.0054 283.5518441
0.0055 283.6076663
0.0056 283.6634879
0.0057 283.7193089
0.0058 283.7751293
0.0059 283.8309493
0.006 283.8867686
0.0061 283.9425874
0.0062 283.9984056
0.0063 284.0542233
0.0064 284.1100404
0.0065 284.165857
0.0066 284.221673
0.0067 284.2774884
0.0068 284.3333033
0.0069 284.3891176
0.007 284.4449314
0.0071 284.5007446
0.0072 284.5565572
0.0073 284.6123693
0.0074 284.6681809
0.0075 284.7239918
0.0076 284.7798022
0.0077 284.8356121
0.0078 284.8914214
0.0079 284.9472302
0.008 285.0030383
0.0081 285.058846
0.0082 285.114653
0.0083 285.1704595
0.0084 285.2262655
0.0085 285.2820709
0.0086 285.3378757
0.0087 285.39368
0.0088 285.4494837
0.0089 285.5052869
0.009 285.5610895
0.0091 285.6168915
0.0092 285.672693
0.0093 285.7284939
0.0094 285.7842943
0.0095 285.8400941
0.0096 285.8958934
0.0097 285.9516921
0.0098 286.0074902
0.0099 286.0632878
0.01 286.1190848
0.0101 286.1748813
0.0102 286.2306772
0.0103 286.2864726
0.0104 286.3422674
0.0105 286.3980616
0.0106 286.4538553
0.0107 286.5096484
0.0108 286.5654409
0.0109 286.6212329
0.011 286.6770244
0.0111 286.7328153
0.0112 286.7886056
0.0113 286.8443954
0.0114 286.9001846
0.0115 286.9559732
0.0116 287.0117613
0.0117 287.0675489
0.0118 287.1233359
0.0119 287.1791223
0.012 287.2349081
0.0121 287.2906935
0.0122 287.3464782
0.0123 287.4022624
0.0124 287.458046
0.0125 287.5138291
0.0126 287.5696116
0.0127 287.6253936
0.0128 287.681175
0.0129 287.7369558
0.013 287.7927361
0.0131 287.8485159
0.0132 287.904295
0.0133 287.9600736
0.0134 288.0158517
0.0135 288.0716292
0.0136 288.1274061
0.0137 288.1831825
0.0138 288.2389583
0.0139 288.2947336
0.014 288.3505083
0.0141 288.4062825
0.0142 288.4620561
0.0143 288.5178291
0.0144 288.5736016
0.0145 288.6293735
0.0146 288.6851449
0.0147 288.7409157
0.0148 288.7966859
0.0149 288.8524556
0.015 288.9082247
0.0151 288.9639933
0.0152 289.0197613
0.0153 289.0755288
0.0154 289.1312957
0.0155 289.187062
0.0156 289.2428278
0.0157 289.298593
0.0158 289.3543577
0.0159 289.4101218
0.016 289.4658854
0.0161 289.5216484
0.0162 289.5774108
0.0163 289.6331727
0.0164 289.688934
0.0165 289.7446948
0.0166 289.800455
0.0167 289.8562147
0.0168 289.9119738
0.0169 289.9677323
0.017 290.0234903
0.0171 290.0792477
0.0172 290.1350046
0.0173 290.1907609
0.0174 290.2465166
0.0175 290.3022718
0.0176 290.3580264
0.0177 290.4137805
0.0178 290.469534
0.0179 290.525287
0.018 290.5810394
0.0181 290.6367912
0.0182 290.6925425
0.0183 290.7482933
0.0184 290.8040434
0.0185 290.8597931
0.0186 290.9155421
0.0187 290.9712906
0.0188 291.0270386
0.0189 291.082786
0.019 291.1385328
0.0191 291.1942791
0.0192 291.2500248
0.0193 291.3057699
0.0194 291.3615145
0.0195 291.4172586
0.0196 291.473002
0.0197 291.528745
0.0198 291.5844873
0.0199 291.6402292
0.02 291.6959704
