0 586.5765682
0.0001 586.5765682
0.0002 586.5765682
0.0003 586.5765682
0.0004 586.5765682
0.0005 586.5765682
0.0006 586.5765682
0.0007 586.5765682
0.0008 586.5765682
0.0009 586.5765682
0.001 586.5765682
0.0011 586.5765682
0.0012 586.5765682
0.0013 586.5765682
0.0014 586.5765682
0.0015 586.5765682
0.0016 586.5765682
0.0017 586.5765682
0.0018 586.5765682
0.0019 586.5765682
0.002 586.5765682
0.0021 586.5765682
0.0022 586.5765682
0.0023 586.5765682
0.0024 586.5765682
0.0025 586.5765682
0.0026 586.5765682
0.0027 586.5765682
0.0028 586.5765682
0.0029 586.5765682
0.003 586.5765682
0.0031 586.5765682
0.0032 586.5765682
0.0033 586.5765682
0.0034 586.5765682
0.0035 586.5765682
0.0036 586.5765682
0.0037 586.5765682
0.0038 586.5765682
0.0039 586.5765682
0.004 586.5765682
0.0041 586.5765682
0.0042 586.5765682
0.0043 586.5765682
0.0044 586.5765682
0.0045 586.5765682
0.0046 586.5765682
0.0047 586.5765682
0.0048 586.5765682
0.0049 586.5765682
0.005 586.5765682
0.0051 586.5765682
0.0052 586.5765682
0.0053 586.5765682
0.0054 586.5765682
0.0055 586.5765682
0.0056 586.5765682
0.0057 586.5765682
0.0058 586.5765682
0.0059 586.5765682
0.006 586.5765682
0.0061 586.5765682
0.0062 586.5765682
0.0063 586.5765682
0.0064 586.5765682
0.0065 586.5765682
0.0066 586.5765682
0.0067 586.5765682
0.0068 586.5765682
0.0069 586.5765682
0.007 586.5765682
0.0071 586.5765682
0.0072 586.5765682
0.0073 586.5765682
0.0074 586.5765682
0.0075 586.5765682
0.0076 586.5765682
0.0077 586.5765682
0.0078 586.5765682
0.0079 586.5765682
0.008 586.5765682
0.0081 586.5765682
0.0082 586.5765682
0.0083 586.5765682
0.0084 586.5765682
0.0085 586.5765682
0.0086 586.5765682
0.0087 586.5765682
0.0088 586.5765682
0.0089 586.5765682
0.009 586.5765682
0.0091 586.5765682
0.0092 586.5765682
0.0093 586.5765682
0.0094 586.5765682
0.0095 586.5765682
0.0096 586.5765682
0.0097 586.5765682
0.0098 586.5765682
0.0099 586.5765682
0.01 586.5765682
0.0101 586.5765682
0.0102 586.5765682
0.0103 586.5765682
0.0104 586.5765682
0.0105 586.5765682
0.0106 586.5765682
0.0107 586.5765682
0.0108 586.5765682
0.0109 586.5765682
0.011 586.5765682
0.0111 586.5765682
0.0112 586.5765682
0.0113 586.5765682
0.0114 586.5765682
0.0115 586.5765682
0.0116 586.5765682
0.0117 586.5765682
0.0118 586.5765682
0.0119 586.5765682
0.012 586.5765682
0.0121 586.5765682
0.0122 586.5765682
0.0123 586.5765682
0.0124 586.5765682
0.0125 586.5765682
0.0126 586.5765682
0.0127 586.5765682
0.0128 586.5765682
0.0129 586.5765682
0.013 586.5765682
0.0131 586.5765682
0.0132 586.5765682
0.0133 586.5765682
0.0134 586.5765682
0.0135 586.5765682
0.0136 586.5765682
0.0137 586.5765682
0.0138 586.5765682
0.0139 586.5765682
0.014 586.5765682
0.0141 586.5765682
0.0142 586.5765682
0.0143 586.5765682
0.0144 586.5765682
0.0145 586.5765682
0.0146 586.5765682
0.0147 586.5765682
0.0148 586.5765682
0.0149 586.5765682
0.015 586.5765682
0.0151 586.5765682
0.0152 586.5765682
0.0153 586.5765682
0.0154 586.5765682
0.0155 586.5765682
0.0156 586.5765682
0.0157 586.5765682
0.0158 586.5765682
0.0159 586.5765682
0.016 586.5765682
0.0161 586.5765682
0.0162 586.5765682
0.0163 586.5765682
0.0164 586.5765682
0.0165 586.5765682
0.0166 586.5765682
0.0167 586.5765682
0.0168 586.5765682
0.0169 586.5765682
0.017 586.5765682
0.0171 586.5765682
0.0172 586.5765682
0.0173 586.5765682
0.0174 586.5765682
0.0175 586.5765682
0.0176 586.5765682
0.0177 586.5765682
0.0178 586.5765682
0.0179 586.5765682
0.018 586.5765682
0.0181 586.5765682
0.0182 586.5765682
0.0183 586.5765682
0.0184 586.5765682
0.0185 586.5765682
0.0186 586.5765682
0.0187 586.5765682
0.0188 586.5765682
0.0189 586.5765682
0.019 586.5765682
0.0191 586.5765682
0.0192 586.5765682
0.0193 586.5765682
0.0194 586.5765682
0.0195 586.5765682
0.0196 586.5765682
0.0197 586.5765682
0.0198 586.5765682
0.0199 586.5765682
0.02 586.5765682
