0 nan
0.0001 2301.686065
0.0002 2128.708734
0.0003 1956.378435
0.0004 1784.696356
0.0005 1613.663593
0.0006 1443.281142
0.0007 1273.549904
0.0008 1104.47068
0.0009 936.0441717
0.001 768.2709846
0.0011 601.1516264
0.0012 434.6865074
0.0013 268.8759418
0.0014 103.720148
0.0015 -60.78075082
0.0016 -224.6267261
0.0017 -387.817843
0.0018 -550.3542599
0.0019 -712.2362277
0.002 -873.4640888
0.0021 -1034.038277
0.0022 -1193.959315
0.0023 -1353.227816
0.0024 -1511.844482
0.0025 -1669.810103
0.0026 -1827.125553
0.0027 -1983.791796
0.0028 -2139.809878
0.0029 -2295.180932
0.003 -2449.906173
0.0031 -2603.986897
0.0032 -2757.424486
0.0033 -2910.220397
0.0034 -3062.376173
0.0035 -3213.89343
0.0036 -3364.773867
0.0037 -3515.019257
0.0038 -3664.631449
0.0039 -3813.612369
0.004 -3961.964017
0.0041 -4109.688463
0.0042 -4256.787854
0.0043 -4403.264406
0.0044 -4549.120404
0.0045 -4694.358206
0.0046 -4838.980234
0.0047 -4982.988982
0.0048 -5126.387008
0.0049 -5269.176935
0.005 -5411.361453
0.0051 -5552.943314
0.0052 -5693.925333
0.0053 -5834.310387
0.0054 -5974.101413
0.0055 -6113.301411
0.0056 -6251.913436
0.0057 -6389.940603
0.0058 -6527.386085
0.0059 -6664.25311
0.006 -6800.544962
0.0061 -6936.264978
0.0062 -7071.416551
0.0063 -7206.003126
0.0064 -7340.028198
0.0065 -7473.495316
0.0066 -7606.408077
0.0067 -7738.770128
0.0068 -7870.585164
0.0069 -8001.85693
0.007 -8132.589215
0.0071 -8262.785856
0.0072 -8392.450736
0.0073 -8521.587779
0.0074 -8650.200958
0.0075 -8778.294285
0.0076 -8905.871817
0.0077 -9032.937652
0.0078 -9159.49593
0.0079 -9285.550829
0.008 -9411.10657
0.0081 -9536.167412
0.0082 -9660.737652
0.0083 -9784.821626
0.0084 -9908.423707
0.0085 -10031.54831
0.0086 -10154.19987
0.0087 -10276.38287
0.0088 -10398.10185
0.0089 -10519.36134
0.009 -10640.16593
0.0091 -10760.52026
0.0092 -10880.42896
0.0093 -10999.89674
0.0094 -11118.92831
0.0095 -11237.52843
0.0096 -11355.70189
0.0097 -11473.45351
0.0098 -11590.78813
0.0099 -11707.71065
0.01 -11824.22597
0.0101 -11940.33905
0.0102 -12056.05487
0.0103 -12171.37842
0.0104 -12286.31476
0.0105 -12400.86895
0.0106 -12515.04609
0.0107 -12628.85133
0.0108 -12742.28982
0.0109 -12855.36676
0.011 -12968.08739
0.0111 -13080.45695
0.0112 -13192.48074
0.0113 -13304.16408
0.0114 -13415.51233
0.0115 -13526.53087
0.0116 -13637.22513
0.0117 -13747.60056
0.0118 -13857.66265
0.0119 -13967.41691
0.012 -14076.86891
0.0121 -14186.02424
0.0122 -14294.88851
0.0123 -14403.46741
0.0124 -14511.76662
0.0125 -14619.79188
0.0126 -14727.54898
0.0127 -14835.04373
0.0128 -14942.28198
0.0129 -15049.26963
0.013 -15156.01263
0.0131 -15262.51695
0.0132 -15368.78862
0.0133 -15474.83372
0.0134 -15580.65837
0.0135 -15686.26873
0.0136 -15791.67102
0.0137 -15896.87151
0.0138 -16001.87652
0.0139 -16106.69242
0.014 -16211.32565
0.0141 -16315.78269
0.0142 -16420.07009
0.0143 -16524.19445
0.0144 -16628.16245
0.0145 -16731.98082
0.0146 -16835.65637
0.0147 -16939.19596
0.0148 -17042.60655
0.0149 -17145.89516
0.015 -17249.06887
0.0151 -17352.13487
0.0152 -17455.10042
0.0153 -17557.97286
0.0154 -17660.75963
0.0155 -17763.46826
0.0156 -17866.10636
0.0157 -17968.68166
0.0158 -18071.20199
0.0159 -18173.67528
0.016 -18276.10958
0.0161 -18378.51303
0.0162 -18480.89393
0.0163 -18583.26068
0.0164 -18685.6218
0.0165 -18787.98598
0.0166 -18890.36202
0.0167 -18992.75888
0.0168 -19095.18567
0.0169 -19197.65165
0.017 -19300.16626
0.0171 -19402.73909
0.0172 -19505.37994
0.0173 -19608.09878
0.0174 -19710.90576
0.0175 -19813.81127
0.0176 -19916.82587
0.0177 -20019.96038
0.0178 -20123.22582
0.0179 -20226.63347
0.018 -20330.19487
0.0181 -20433.9218
0.0182 -20537.82633
0.0183 -20641.92082
0.0184 -20746.21793
0.0185 -20850.73064
0.0186 -20955.47225
0.0187 -21060.45642
0.0188 -21165.69718
0.0189 -21271.20892
0.019 -21377.00646
0.0191 -21483.10501
0.0192 -21589.52025
0.0193 -21696.26831
0.0194 -21803.36582
0.0195 -21910.82991
0.0196 -22018.67827
0.0197 -22126.92914
0.0198 -22235.60139
0.0199 -22344.7145
0.02 -22454.28864
