0 0
0.0001 -5.731885679e-10
0.0002 2.70845854e-09
0.0003 1.086148617e-08
0.0004 2.454553346e-08
0.0005 4.429702184e-08
0.0006 7.05958023e-08
0.0007 1.03888964e-07
0.0008 1.446018043e-07
0.0009 1.931440142e-07
0.001 2.49913633e-07
0.0011 3.152997716e-07
0.0012 3.896845817e-07
0.0013 4.734447273e-07
0.0014 5.669525176e-07
0.0015 6.705767975e-07
0.0016 7.846836622e-07
0.0017 9.096370382e-07
0.0018 1.045799165e-06
0.0019 1.193530997e-06
0.002 1.353192545e-06
0.0021 1.525143163e-06
0.0022 1.709741802e-06
0.0023 1.907347227e-06
0.0024 2.118318202e-06
0.0025 2.343013661e-06
0.0026 2.581792852e-06
0.0027 2.835015472e-06
0.0028 3.103041777e-06
0.0029 3.386232692e-06
0.003 3.684949901e-06
0.0031 3.999555937e-06
0.0032 4.330414252e-06
0.0033 4.677889293e-06
0.0034 5.042346562e-06
0.0035 5.424152675e-06
0.0036 5.823675419e-06
0.0037 6.241283794e-06
0.0038 6.677348064e-06
0.0039 7.132239797e-06
0.004 7.606331902e-06
0.0041 8.099998667e-06
0.0042 8.613615791e-06
0.0043 9.147560414e-06
0.0044 9.702211148e-06
0.0045 1.02779481e-05
0.0046 1.08751529e-05
0.0047 1.149420873e-05
0.0048 1.213550033e-05
0.0049 1.279941403e-05
0.005 1.348633778e-05
0.0051 1.419666112e-05
0.0052 1.493077528e-05
0.0053 1.568907311e-05
0.0054 1.647194916e-05
0.0055 1.727979965e-05
0.0056 1.81130225e-05
0.0057 1.897201736e-05
0.0058 1.985718559e-05
0.0059 2.07689303e-05
0.006 2.170765632e-05
0.0061 2.267377028e-05
0.0062 2.366768054e-05
0.0063 2.468979727e-05
0.0064 2.574053238e-05
0.0065 2.682029962e-05
0.0066 2.792951452e-05
0.0067 2.906859441e-05
0.0068 3.023795845e-05
0.0069 3.143802763e-05
0.007 3.266922474e-05
0.0071 3.393197442e-05
0.0072 3.522670317e-05
0.0073 3.65538393e-05
0.0074 3.791381299e-05
0.0075 3.930705629e-05
0.0076 4.073400308e-05
0.0077 4.219508912e-05
0.0078 4.369075206e-05
0.0079 4.522143138e-05
0.008 4.678756847e-05
0.0081 4.83896066e-05
0.0082 5.002799091e-05
0.0083 5.170316843e-05
0.0084 5.34155881e-05
0.0085 5.516570072e-05
0.0086 5.695395903e-05
0.0087 5.878081762e-05
0.0088 6.064673303e-05
0.0089 6.255216367e-05
0.009 6.449756988e-05
0.0091 6.648341388e-05
0.0092 6.851015984e-05
0.0093 7.057827381e-05
0.0094 7.268822376e-05
0.0095 7.48404796e-05
0.0096 7.703551313e-05
0.0097 7.927379807e-05
0.0098 8.15558101e-05
0.0099 8.388202676e-05
0.01 8.625292757e-05
0.0101 8.866899394e-05
0.0102 9.113070922e-05
0.0103 9.363855868e-05
0.0104 9.619302952e-05
0.0105 9.879461086e-05
0.0106 0.0001014437938
0.0107 0.0001041410712
0.0108 0.0001068869382
0.0109 0.0001096818914
0.011 0.0001125264298
0.0111 0.0001154210539
0.0112 0.0001183662665
0.0113 0.0001213625721
0.0114 0.0001244104772
0.0115 0.0001275104903
0.0116 0.0001306631217
0.0117 0.0001338688837
0.0118 0.0001371282906
0.0119 0.0001404418585
0.012 0.0001438101056
0.0121 0.0001472335518
0.0122 0.0001507127191
0.0123 0.0001542481314
0.0124 0.0001578403146
0.0125 0.0001614897963
0.0126 0.0001651971063
0.0127 0.0001689627762
0.0128 0.0001727873395
0.0129 0.0001766713318
0.013 0.0001806152903
0.0131 0.0001846197544
0.0132 0.0001886852654
0.0133 0.0001928123664
0.0134 0.0001970016026
0.0135 0.0002012535209
0.0136 0.0002055686704
0.0137 0.0002099476019
0.0138 0.0002143908681
0.0139 0.0002188990238
0.014 0.0002234726256
0.0141 0.0002281122321
0.0142 0.0002328184038
0.0143 0.0002375917029
0.0144 0.0002424326938
0.0145 0.0002473419428
0.0146 0.0002523200179
0.0147 0.0002573674891
0.0148 0.0002624849284
0.0149 0.0002676729096
0.015 0.0002729320086
0.0151 0.0002782628029
0.0152 0.000283665872
0.0153 0.0002891417976
0.0154 0.0002946911629
0.0155 0.0003003145531
0.0156 0.0003060125556
0.0157 0.0003117857592
0.0158 0.0003176347549
0.0159 0.0003235601356
0.016 0.0003295624961
0.0161 0.0003356424329
0.0162 0.0003418005445
0.0163 0.0003480374313
0.0164 0.0003543536956
0.0165 0.0003607499415
0.0166 0.0003672267751
0.0167 0.0003737848043
0.0168 0.0003804246388
0.0169 0.0003871468904
0.017 0.0003939521724
0.0171 0.0004008411005
0.0172 0.0004078142917
0.0173 0.0004148723652
0.0174 0.000422015942
0.0175 0.000429245645
0.0176 0.0004365620988
0.0177 0.00044396593
0.0178 0.0004514577671
0.0179 0.0004590382402
0.018 0.0004667079816
0.0181 0.0004744676251
0.0182 0.0004823178066
0.0183 0.0004902591637
0.0184 0.0004982923358
0.0185 0.0005064179644
0.0186 0.0005146366925
0.0187 0.0005229491652
0.0188 0.0005313560292
0.0189 0.0005398579331
0.019 0.0005484555275
0.0191 0.0005571494647
0.0192 0.0005659403986
0.0193 0.0005748289852
0.0194 0.0005838158823
0.0195 0.0005929017494
0.0196 0.0006020872477
0.0197 0.0006113730406
0.0198 0.0006207597928
0.0199 0.0006302481711
0.02 0.0006398388441
