0 140.8
0.0001 140.743592
0.0002 140.6877508
0.0003 140.6324815
0.0004 140.5777895
0.0005 140.5236799
0.0006 140.4701582
0.0007 140.4172296
0.0008 140.3648994
0.0009 140.3131729
0.001 140.2620556
0.0011 140.2115528
0.0012 140.1616698
0.0013 140.112412
0.0014 140.0637848
0.0015 140.0157937
0.0016 139.9684439
0.0017 139.921741
0.0018 139.8756903
0.0019 139.8302973
0.002 139.7855674
0.0021 139.7415061
0.0022 139.6981187
0.0023 139.6554107
0.0024 139.6133875
0.0025 139.5720547
0.0026 139.5314176
0.0027 139.4914816
0.0028 139.4522523
0.0029 139.413735
0.003 139.3759353
0.0031 139.3388584
0.0032 139.30251
0.0033 139.2668954
0.0034 139.2320201
0.0035 139.1978894
0.0036 139.1645089
0.0037 139.1318839
0.0038 139.1000199
0.0039 139.0689223
0.004 139.0385965
0.0041 139.0090479
0.0042 138.980282
0.0043 138.9523041
0.0044 138.9251196
0.0045 138.898734
0.0046 138.8731526
0.0047 138.8483808
0.0048 138.8244241
0.0049 138.8012877
0.005 138.7789772
0.0051 138.7574978
0.0052 138.736855
0.0053 138.7170541
0.0054 138.6981006
0.0055 138.6799998
0.0056 138.662757
0.0057 138.6463778
0.0058 138.6308675
0.0059 138.6162314
0.006 138.6024749
0.0061 138.5896036
0.0062 138.5776227
0.0063 138.5665377
0.0064 138.5563541
0.0065 138.5470772
0.0066 138.5387125
0.0067 138.5312654
0.0068 138.5247415
0.0069 138.5191462
0.007 138.514485
0.0071 138.5107634
0.0072 138.5079869
0.0073 138.5061612
0.0074 138.5052918
0.0075 138.5053843
0.0076 138.5064444
0.0077 138.5084776
0.0078 138.5114897
0.0079 138.5154864
0.008 138.5204734
0.0081 138.5264566
0.0082 138.5334417
0.0083 138.5414346
0.0084 138.5504412
0.0085 138.5604675
0.0086 138.5715194
0.0087 138.5836031
0.0088 138.5967246
0.0089 138.61089
0.009 138.6261056
0.0091 138.6423776
0.0092 138.6597123
0.0093 138.6781163
0.0094 138.6975958
0.0095 138.7181576
0.0096 138.7398081
0.0097 138.762554
0.0098 138.7864023
0.0099 138.8113596
0.01 138.837433
0.0101 138.8646294
0.0102 138.8929561
0.0103 138.9224202
0.0104 138.9530292
0.0105 138.9847903
0.0106 139.0177113
0.0107 139.0517998
0.0108 139.0870636
0.0109 139.1235105
0.011 139.1611487
0.0111 139.1999864
0.0112 139.2400318
0.0113 139.2812935
0.0114 139.32378
0.0115 139.3675002
0.0116 139.4124629
0.0117 139.4586774
0.0118 139.5061528
0.0119 139.5548986
0.012 139.6049245
0.0121 139.6562403
0.0122 139.708856
0.0123 139.7627819
0.0124 139.8180283
0.0125 139.8746061
0.0126 139.932526
0.0127 139.9917991
0.0128 140.0524369
0.0129 140.114451
0.013 140.1778531
0.0131 140.2426556
0.0132 140.3088707
0.0133 140.3765112
0.0134 140.4455901
0.0135 140.5161206
0.0136 140.5881164
0.0137 140.6615915
0.0138 140.7365601
0.0139 140.8130367
0.014 140.8910365
0.0141 140.9705748
0.0142 141.0516672
0.0143 141.13433
0.0144 141.2185797
0.0145 141.3044333
0.0146 141.3919081
0.0147 141.4810222
0.0148 141.5717937
0.0149 141.6642415
0.015 141.7583851
0.0151 141.8542441
0.0152 141.9518392
0.0153 142.0511911
0.0154 142.1523215
0.0155 142.2552526
0.0156 142.360007
0.0157 142.4666082
0.0158 142.5750804
0.0159 142.6854483
0.016 142.7977374
0.0161 142.9119741
0.0162 143.0281852
0.0163 143.1463988
0.0164 143.2666435
0.0165 143.3889489
0.0166 143.5133455
0.0167 143.6398646
0.0168 143.7685387
0.0169 143.8994012
0.017 144.0324865
0.0171 144.1678303
0.0172 144.3054694
0.0173 144.4454415
0.0174 144.587786
0.0175 144.7325432
0.0176 144.8797551
0.0177 145.0294648
0.0178 145.1817172
0.0179 145.3365585
0.018 145.4940366
0.0181 145.654201
0.0182 145.8171031
0.0183 145.982796
0.0184 146.1513349
0.0185 146.3227769
0.0186 146.4971811
0.0187 146.6746091
0.0188 146.8551247
0.0189 147.038794
0.019 147.2256858
0.0191 147.4158715
0.0192 147.6094255
0.0193 147.806425
0.0194 148.0069504
0.0195 148.2110853
0.0196 148.4189169
0.0197 148.6305361
0.0198 148.8460373
0.0199 149.0655195
0.02 149.2890856
