0 294.4
0.0001 299.2718377
0.0002 304.2099368
0.0003 309.2148852
0.0004 314.2872713
0.0005 319.4276841
0.0006 324.6367134
0.0007 329.91495
0.0008 335.2629854
0.0009 340.6814123
0.001 346.1708246
0.0011 351.7318172
0.0012 357.3649868
0.0013 363.0709316
0.0014 368.8502515
0.0015 374.7035482
0.0016 380.6314259
0.0017 386.6344909
0.0018 392.7133521
0.0019 398.8686213
0.002 405.1009131
0.0021 411.4108457
0.0022 417.7990407
0.0023 424.2661236
0.0024 430.812724
0.0025 437.4394763
0.0026 444.1470193
0.0027 450.9359972
0.0028 457.8070597
0.0029 464.7608624
0.003 471.7980672
0.0031 478.9193427
0.0032 486.1253646
0.0033 493.4168163
0.0034 500.794389
0.0035 508.2587827
0.0036 515.810706
0.0037 523.4508774
0.0038 531.1800252
0.0039 538.9988881
0.004 546.9082164
0.0041 554.9087715
0.0042 563.0013274
0.0043 571.186671
0.0044 579.4656025
0.0045 587.8389364
0.0046 596.307502
0.0047 604.872144
0.0048 613.5337234
0.0049 622.2931179
0.005 631.151223
0.0051 640.1089527
0.0052 649.1672399
0.0053 658.3270376
0.0054 667.5893196
0.0055 676.9550814
0.0056 686.4253407
0.0057 696.001139
0.0058 705.6835417
0.0059 715.4736396
0.006 725.3725496
0.0061 735.3814156
0.0062 745.5014099
0.0063 755.7337337
0.0064 766.0796186
0.0065 776.5403275
0.0066 787.1171555
0.0067 797.8114314
0.0068 808.6245186
0.0069 819.5578167
0.007 830.612762
0.0071 841.7908295
0.0072 853.0935338
0.0073 864.5224305
0.0074 876.0791177
0.0075 887.7652371
0.0076 899.5824759
0.0077 911.5325678
0.0078 923.617295
0.0079 935.8384892
0.008 948.1980338
0.0081 960.6978653
0.0082 973.3399749
0.0083 986.1264104
0.0084 999.0592781
0.0085 1012.140745
0.0086 1025.373038
0.0087 1038.758453
0.0088 1052.299346
0.0089 1065.998147
0.009 1079.857353
0.0091 1093.879535
0.0092 1108.067339
0.0093 1122.423489
0.0094 1136.950788
0.0095 1151.652123
0.0096 1166.530465
0.0097 1181.588874
0.0098 1196.830501
0.0099 1212.258589
0.01 1227.87648
0.0101 1243.687616
0.0102 1259.695542
0.0103 1275.903907
0.0104 1292.316476
0.0105 1308.937123
0.0106 1325.769842
0.0107 1342.818748
0.0108 1360.088083
0.0109 1377.582218
0.011 1395.305658
0.0111 1413.26305
0.0112 1431.459181
0.0113 1449.898989
0.0114 1468.587566
0.0115 1487.530165
0.0116 1506.7322
0.0117 1526.199261
0.0118 1545.937111
0.0119 1565.951698
0.012 1586.249161
0.0121 1606.835835
0.0122 1627.718259
0.0123 1648.903185
0.0124 1670.397583
0.0125 1692.208651
0.0126 1714.343826
0.0127 1736.810787
0.0128 1759.61747
0.0129 1782.772074
0.013 1806.283076
0.0131 1830.159234
0.0132 1854.409608
0.0133 1879.043562
0.0134 1904.070785
0.0135 1929.501297
0.0136 1955.345468
0.0137 1981.614028
0.0138 2008.318086
0.0139 2035.46914
0.014 2063.079101
0.0141 2091.160304
0.0142 2119.725528
0.0143 2148.788018
0.0144 2178.3615
0.0145 2208.460208
0.0146 2239.098899
0.0147 2270.292885
0.0148 2302.058051
0.0149 2334.410885
0.015 2367.368501
0.0151 2400.948673
0.0152 2435.169865
0.0153 2470.051259
0.0154 2505.612793
0.0155 2541.875195
0.0156 2578.860025
0.0157 2616.589709
0.0158 2655.087586
0.0159 2694.377953
0.016 2734.486112
0.0161 2775.438419
0.0162 2817.262341
0.0163 2859.986513
0.0164 2903.640794
0.0165 2948.256336
0.0166 2993.865652
0.0167 3040.502687
0.0168 3088.202894
0.0169 3137.00332
0.017 3186.942694
0.0171 3238.061514
0.0172 3290.402156
0.0173 3344.008973
0.0174 3398.928412
0.0175 3455.209135
0.0176 3512.90215
0.0177 3572.060946
0.0178 3632.741648
0.0179 3695.003171
0.018 3758.907394
0.0181 3824.519342
0.0182 3891.907386
0.0183 3961.143449
0.0184 4032.303242
0.0185 4105.466502
0.0186 4180.717262
0.0187 4258.14413
0.0188 4337.840603
0.0189 4419.905396
0.019 4504.442801
0.0191 4591.563078
0.0192 4681.382873
0.0193 4774.025678
0.0194 4869.622326
0.0195 4968.311527
0.0196 5070.240456
0.0197 5175.565392
0.0198 5284.452408
0.0199 5397.078137
0.02 5513.630592
