0 nan
0.0001 2301.739063
0.0002 2128.826665
0.0003 1956.573033
0.0004 1784.979155
0.0005 1614.045921
0.0006 1443.774125
0.0007 1274.164462
0.0008 1105.217526
0.0009 936.933814
0.001 769.3137223
0.0011 602.3575507
0.0012 436.065501
0.0013 270.4376787
0.0014 105.4740928
0.0015 -58.82534274
0.0016 -222.4608086
0.0017 -385.4325794
0.0018 -547.7410224
0.0019 -709.3865974
0.002 -870.3698553
0.0021 -1030.691438
0.0022 -1190.352075
0.0023 -1349.352589
0.0024 -1507.693885
0.0025 -1665.376959
0.0026 -1822.402891
0.0027 -1978.772848
0.0028 -2134.488078
0.0029 -2289.549916
0.003 -2443.959777
0.0031 -2597.719157
0.0032 -2750.829634
0.0033 -2903.292865
0.0034 -3055.110583
0.0035 -3206.284602
0.0036 -3356.816809
0.0037 -3506.70917
0.0038 -3655.963723
0.0039 -3804.582579
0.004 -3952.567923
0.0041 -4099.922012
0.0042 -4246.64717
0.0043 -4392.745795
0.0044 -4538.220349
0.0045 -4683.073365
0.0046 -4827.307441
0.0047 -4970.92524
0.0048 -5113.92949
0.0049 -5256.322983
0.005 -5398.108571
0.0051 -5539.289171
0.0052 -5679.867758
0.0053 -5819.847369
0.0054 -5959.231096
0.0055 -6098.022091
0.0056 -6236.223564
0.0057 -6373.838778
0.0058 -6510.871052
0.0059 -6647.323759
0.006 -6783.200325
0.0061 -6918.504228
0.0062 -7053.238997
0.0063 -7187.408213
0.0064 -7321.015504
0.0065 -7454.064548
0.0066 -7586.55907
0.0067 -7718.502843
0.0068 -7849.899686
0.0069 -7980.753462
0.007 -8111.06808
0.0071 -8240.847493
0.0072 -8370.095696
0.0073 -8498.816726
0.0074 -8627.014663
0.0075 -8754.693627
0.0076 -8881.857778
0.0077 -9008.511316
0.0078 -9134.658479
0.0079 -9260.303545
0.008 -9385.450828
0.0081 -9510.104679
0.0082 -9634.269486
0.0083 -9757.949673
0.0084 -9881.149698
0.0085 -10003.87406
0.0086 -10126.12728
0.0087 -10247.91392
0.0088 -10369.23858
0.0089 -10490.10589
0.009 -10610.5205
0.0091 -10730.48712
0.0092 -10850.01046
0.0093 -10969.09528
0.0094 -11087.74638
0.0095 -11205.96856
0.0096 -11323.76668
0.0097 -11441.14562
0.0098 -11558.11028
0.0099 -11674.66561
0.01 -11790.81658
0.0101 -11906.56818
0.0102 -12021.92545
0.0103 -12136.89345
0.0104 -12251.47725
0.0105 -12365.68199
0.0106 -12479.51281
0.0107 -12592.97488
0.0108 -12706.07341
0.0109 -12818.81365
0.011 -12931.20085
0.0111 -13043.24031
0.0112 -13154.93737
0.0113 -13266.29738
0.0114 -13377.32573
0.0115 -13488.02785
0.0116 -13598.40917
0.0117 -13708.4752
0.0118 -13818.23145
0.0119 -13927.68347
0.012 -14036.83684
0.0121 -14145.69719
0.0122 -14254.27017
0.0123 -14362.56146
0.0124 -14470.57681
0.0125 -14578.32196
0.0126 -14685.80272
0.0127 -14793.02493
0.0128 -14899.99448
0.0129 -15006.71728
0.013 -15113.1993
0.0131 -15219.44654
0.0132 -15325.46505
0.0133 -15431.26093
0.0134 -15536.84033
0.0135 -15642.20943
0.0136 -15747.37448
0.0137 -15852.34176
0.0138 -15957.11762
0.0139 -16061.70845
0.014 -16166.12072
0.0141 -16270.36093
0.0142 -16374.43566
0.0143 -16478.35153
0.0144 -16582.11525
0.0145 -16685.73359
0.0146 -16789.21336
0.0147 -16892.56147
0.0148 -16995.78491
0.0149 -17098.89072
0.015 -17201.88602
0.0151 -17304.77804
0.0152 -17407.57407
0.0153 -17510.28149
0.0154 -17612.90777
0.0155 -17715.46049
0.0156 -17817.94731
0.0157 -17920.376
0.0158 -18022.75444
0.0159 -18125.0906
0.016 -18227.39258
0.0161 -18329.6686
0.0162 -18431.927
0.0163 -18534.17625
0.0164 -18636.42494
0.0165 -18738.68182
0.0166 -18840.95577
0.0167 -18943.25582
0.0168 -19045.59117
0.0169 -19147.97116
0.017 -19250.40533
0.0171 -19352.90336
0.0172 -19455.47516
0.0173 -19558.13079
0.0174 -19660.88054
0.0175 -19763.7349
0.0176 -19866.70457
0.0177 -19969.80049
0.0178 -20073.03385
0.0179 -20176.41606
0.018 -20279.95883
0.0181 -20383.6741
0.0182 -20487.57414
0.0183 -20591.67148
0.0184 -20695.979
0.0185 -20800.50987
0.0186 -20905.27765
0.0187 -21010.29623
0.0188 -21115.57987
0.0189 -21221.14327
0.019 -21327.00151
0.0191 -21433.17012
0.0192 -21539.66511
0.0193 -21646.50294
0.0194 -21753.70062
0.0195 -21861.27566
0.0196 -21969.24618
0.0197 -22077.63085
0.0198 -22186.44902
0.0199 -22295.72067
0.02 -22405.4665
