0 0
0.0001 -1.198177993e-09
0.0002 5.66122763e-09
0.0003 2.269768262e-08
0.0004 5.128329184e-08
0.0005 9.253168367e-08
0.0006 1.474374554e-07
0.0007 2.16926004e-07
0.0008 3.018764965e-07
0.0009 4.03134825e-07
0.001 5.215218918e-07
0.0011 6.578393174e-07
0.0012 8.128735644e-07
0.0013 9.873990227e-07
0.0014 1.182180383e-06
0.0015 1.397974502e-06
0.0016 1.635531899e-06
0.0017 1.895597972e-06
0.0018 2.178914009e-06
0.0019 2.486218022e-06
0.002 2.818245467e-06
0.0021 3.175729841e-06
0.0022 3.559403213e-06
0.0023 3.969996668e-06
0.0024 4.408240706e-06
0.0025 4.874865587e-06
0.0026 5.370601637e-06
0.0027 5.896179514e-06
0.0028 6.452330456e-06
0.0029 7.039786491e-06
0.003 7.659280634e-06
0.0031 8.311547059e-06
0.0032 8.997321257e-06
0.0033 9.717340179e-06
0.0034 1.047234237e-05
0.0035 1.126306806e-05
0.0036 1.209025934e-05
0.0037 1.295466017e-05
0.0038 1.385701653e-05
0.0039 1.479807649e-05
0.004 1.577859029e-05
0.0041 1.679931039e-05
0.0042 1.786099155e-05
0.0043 1.89643909e-05
0.0044 2.011026797e-05
0.0045 2.129938476e-05
0.0046 2.25325058e-05
0.0047 2.381039813e-05
0.0048 2.513383144e-05
0.0049 2.650357802e-05
0.005 2.792041284e-05
0.0051 2.938511358e-05
0.0052 3.089846063e-05
0.0053 3.246123717e-05
0.0054 3.407422913e-05
0.0055 3.573822529e-05
0.0056 3.745401723e-05
0.0057 3.922239941e-05
0.0058 4.104416914e-05
0.0059 4.292012663e-05
0.006 4.4851075e-05
0.0061 4.683782029e-05
0.0062 4.888117147e-05
0.0063 5.098194046e-05
0.0064 5.314094216e-05
0.0065 5.53589944e-05
0.0066 5.763691804e-05
0.0067 5.997553688e-05
0.0068 6.237567777e-05
0.0069 6.483817052e-05
0.007 6.736384798e-05
0.0071 6.995354601e-05
0.0072 7.260810347e-05
0.0073 7.532836229e-05
0.0074 7.811516739e-05
0.0075 8.096936674e-05
0.0076 8.389181135e-05
0.0077 8.688335527e-05
0.0078 8.994485556e-05
0.0079 9.307717236e-05
0.008 9.628116882e-05
0.0081 9.955771114e-05
0.0082 0.0001029076686
0.0083 0.0001063319134
0.0084 0.0001098313208
0.0085 0.0001134067694
0.0086 0.0001170591403
0.0087 0.000120789318
0.0088 0.00012459819
0.0089 0.0001284866467
0.009 0.0001324555816
0.0091 0.0001365058911
0.0092 0.0001406384748
0.0093 0.0001448542352
0.0094 0.0001491540776
0.0095 0.0001535389108
0.0096 0.000158009646
0.0097 0.0001625671978
0.0098 0.0001672124835
0.0099 0.0001719464237
0.01 0.0001767699415
0.0101 0.0001816839635
0.0102 0.0001866894186
0.0103 0.0001917872393
0.0104 0.0001969783605
0.0105 0.0002022637203
0.0106 0.0002076442596
0.0107 0.0002131209223
0.0108 0.000218694655
0.0109 0.0002243664075
0.011 0.000230137132
0.0111 0.0002360077841
0.0112 0.0002419793218
0.0113 0.0002480527063
0.0114 0.0002542289012
0.0115 0.0002605088733
0.0116 0.0002668935921
0.0117 0.0002733840298
0.0118 0.0002799811615
0.0119 0.0002866859649
0.012 0.0002934994206
0.0121 0.0003004225119
0.0122 0.0003074562248
0.0123 0.0003146015482
0.0124 0.0003218594733
0.0125 0.0003292309944
0.0126 0.0003367171083
0.0127 0.0003443188145
0.0128 0.0003520371149
0.0129 0.0003598730145
0.013 0.0003678275206
0.0131 0.0003759016431
0.0132 0.0003840963945
0.0133 0.0003924127901
0.0134 0.0004008518474
0.0135 0.0004094145867
0.0136 0.0004181020307
0.0137 0.0004269152047
0.0138 0.0004358551363
0.0139 0.0004449228558
0.014 0.0004541193958
0.0141 0.0004634457914
0.0142 0.0004729030802
0.0143 0.000482492302
0.0144 0.0004922144991
0.0145 0.0005020707162
0.0146 0.0005120620003
0.0147 0.0005221894008
0.0148 0.0005324539692
0.0149 0.0005428567595
0.015 0.000553398828
0.0151 0.0005640812331
0.0152 0.0005749050354
0.0153 0.0005858712979
0.0154 0.0005969810857
0.0155 0.0006082354661
0.0156 0.0006196355084
0.0157 0.0006311822842
0.0158 0.0006428768673
0.0159 0.0006547203332
0.016 0.0006667137599
0.0161 0.0006788582272
0.0162 0.000691154817
0.0163 0.0007036046131
0.0164 0.0007162087015
0.0165 0.00072896817
0.0166 0.0007418841083
0.0167 0.000754957608
0.0168 0.0007681897628
0.0169 0.0007815816681
0.017 0.000795134421
0.0171 0.0008088491208
0.0172 0.0008227268682
0.0173 0.000836768766
0.0174 0.0008509759184
0.0175 0.0008653494317
0.0176 0.0008798904136
0.0177 0.0008945999736
0.0178 0.0009094792228
0.0179 0.000924529274
0.018 0.0009397512416
0.0181 0.0009551462413
0.0182 0.0009707153908
0.0183 0.0009864598089
0.0184 0.001002380616
0.0185 0.001018478935
0.0186 0.001034755887
0.0187 0.001051212599
0.0188 0.001067850197
0.0189 0.001084669807
0.019 0.00110167256
0.0191 0.001118859584
0.0192 0.001136232011
0.0193 0.001153790975
0.0194 0.001171537609
0.0195 0.001189473048
0.0196 0.001207598428
0.0197 0.001225914887
0.0198 0.001244423563
0.0199 0.001263125596
0.02 0.001282022127
