0 294.4
0.0001 299.2669615
0.0002 304.2001186
0.0003 309.200063
0.0004 314.2673872
0.0005 319.4026845
0.0006 324.6065495
0.0007 329.8795776
0.0008 335.2223657
0.0009 340.6355119
0.001 346.1196158
0.0011 351.6752788
0.0012 357.3031037
0.0013 363.0036956
0.0014 368.7776615
0.0015 374.6256106
0.0016 380.548155
0.0017 386.5459091
0.0018 392.6194903
0.0019 398.7695195
0.002 404.9966206
0.0021 411.3014215
0.0022 417.6845539
0.0023 424.146654
0.0024 430.6883624
0.0025 437.3103247
0.0026 444.0131917
0.0027 450.79762
0.0028 457.6642719
0.0029 464.6138163
0.003 471.6469288
0.0031 478.7642922
0.0032 485.9665969
0.0033 493.2545416
0.0034 500.6288331
0.0035 508.0901877
0.0036 515.6393309
0.0037 523.2769984
0.0038 531.0039365
0.0039 538.8209025
0.004 546.7286655
0.0041 554.7280069
0.0042 562.819721
0.0043 571.0046154
0.0044 579.283512
0.0045 587.6572477
0.0046 596.1266745
0.0047 604.6926608
0.0048 613.356092
0.0049 622.1178709
0.005 630.9789188
0.0051 639.9401761
0.0052 649.0026034
0.0053 658.1671817
0.0054 667.4349139
0.0055 676.8068252
0.0056 686.2839645
0.0057 695.8674046
0.0058 705.5582437
0.0059 715.3576061
0.006 725.2666433
0.0061 735.286535
0.0062 745.41849
0.0063 755.6637474
0.0064 766.0235776
0.0065 776.4992836
0.0066 787.0922018
0.0067 797.8037036
0.0068 808.6351962
0.0069 819.5881243
0.007 830.663971
0.0071 841.864259
0.0072 853.1905526
0.0073 864.6444584
0.0074 876.2276271
0.0075 887.9417548
0.0076 899.7885846
0.0077 911.7699081
0.0078 923.8875672
0.0079 936.1434552
0.008 948.5395192
0.0081 961.0777613
0.0082 973.7602407
0.0083 986.5890753
0.0084 999.5664441
0.0085 1012.694588
0.0086 1025.975814
0.0087 1039.412495
0.0088 1053.007073
0.0089 1066.762062
0.009 1080.680048
0.0091 1094.763694
0.0092 1109.015741
0.0093 1123.439013
0.0094 1138.036414
0.0095 1152.810937
0.0096 1167.765664
0.0097 1182.903768
0.0098 1198.228517
0.0099 1213.743279
0.01 1229.451521
0.0101 1245.356818
0.0102 1261.462851
0.0103 1277.773414
0.0104 1294.292417
0.0105 1311.023889
0.0106 1327.971983
0.0107 1345.14098
0.0108 1362.535295
0.0109 1380.159479
0.011 1398.018223
0.0111 1416.116367
0.0112 1434.458903
0.0113 1453.05098
0.0114 1471.897907
0.0115 1491.005166
0.0116 1510.378412
0.0117 1530.02348
0.0118 1549.946395
0.0119 1570.153374
0.012 1590.650838
0.0121 1611.445415
0.0122 1632.543953
0.0123 1653.953524
0.0124 1675.681433
0.0125 1697.735229
0.0126 1720.122713
0.0127 1742.851948
0.0128 1765.93127
0.0129 1789.369296
0.013 1813.17494
0.0131 1837.357421
0.0132 1861.926275
0.0133 1886.891372
0.0134 1912.262926
0.0135 1938.05151
0.0136 1964.268072
0.0137 1990.923949
0.0138 2018.030886
0.0139 2045.601051
0.014 2073.647055
0.0141 2102.18197
0.0142 2131.219349
0.0143 2160.773251
0.0144 2190.858257
0.0145 2221.489499
0.0146 2252.682683
0.0147 2284.454114
0.0148 2316.820727
0.0149 2349.800114
0.015 2383.410554
0.0151 2417.671048
0.0152 2452.601351
0.0153 2488.222013
0.0154 2524.554413
0.0155 2561.620799
0.0156 2599.444339
0.0157 2638.049157
0.0158 2677.460389
0.0159 2717.704231
0.016 2758.807997
0.0161 2800.800172
0.0162 2843.710478
0.0163 2887.56994
0.0164 2932.410953
0.0165 2978.267359
0.0166 3025.174524
0.0167 3073.169427
0.0168 3122.290743
0.0169 3172.578945
0.017 3224.076406
0.0171 3276.827506
0.0172 3330.878751
0.0173 3386.278899
0.0174 3443.079094
0.0175 3501.333009
0.0176 3561.097002
0.0177 3622.430281
0.0178 3685.395081
0.0179 3750.056858
0.018 3816.484492
0.0181 3884.750509
0.0182 3954.931322
0.0183 4027.107485
0.0184 4101.363972
0.0185 4177.79048
0.0186 4256.481748
0.0187 4337.537912
0.0188 4421.064885
0.0189 4507.17477
0.019 4595.986303
0.0191 4687.625348
0.0192 4782.225419
0.0193 4879.928261
0.0194 4980.884474
0.0195 5085.254204
0.0196 5193.20789
0.0197 5304.927083
0.0198 5420.605346
0.0199 5540.449239
0.02 5664.679399
