0 0
0.0001 -1.19817798e-09
0.0002 5.661227624e-09
0.0003 2.269768246e-08
0.0004 5.128329125e-08
0.0005 9.253168217e-08
0.0006 1.474374522e-07
0.0007 2.169259982e-07
0.0008 3.018764865e-07
0.0009 4.031348089e-07
0.001 5.215218672e-07
0.0011 6.578392813e-07
0.0012 8.12873513e-07
0.0013 9.873989515e-07
0.0014 1.182180287e-06
0.0015 1.397974374e-06
0.0016 1.635531731e-06
0.0017 1.895597757e-06
0.0018 2.178913735e-06
0.0019 2.486217679e-06
0.002 2.818245041e-06
0.0021 3.175729318e-06
0.0022 3.559402574e-06
0.0023 3.969995895e-06
0.0024 4.408239779e-06
0.0025 4.874864482e-06
0.0026 5.370600326e-06
0.0027 5.896177969e-06
0.0028 6.452328645e-06
0.0029 7.039784379e-06
0.003 7.659278182e-06
0.0031 8.311544224e-06
0.0032 8.997317993e-06
0.0033 9.717336436e-06
0.0034 1.047233809e-05
0.0035 1.126306319e-05
0.0036 1.209025381e-05
0.0037 1.295465391e-05
0.0038 1.385700946e-05
0.0039 1.479806854e-05
0.004 1.577858137e-05
0.0041 1.67993004e-05
0.0042 1.78609804e-05
0.0043 1.896437847e-05
0.0044 2.011025415e-05
0.0045 2.129936943e-05
0.0046 2.253248881e-05
0.0047 2.381037936e-05
0.0048 2.513381073e-05
0.0049 2.650355522e-05
0.005 2.792038777e-05
0.0051 2.938508606e-05
0.0052 3.089843047e-05
0.0053 3.246120416e-05
0.0054 3.407419307e-05
0.0055 3.573818594e-05
0.0056 3.745397436e-05
0.0057 3.922235276e-05
0.0058 4.104411844e-05
0.0059 4.292007159e-05
0.006 4.485101533e-05
0.0061 4.683775568e-05
0.0062 4.888110158e-05
0.0063 5.098186495e-05
0.0064 5.314086065e-05
0.0065 5.535890651e-05
0.0066 5.763682337e-05
0.0067 5.997543501e-05
0.0068 6.237556824e-05
0.0069 6.483805288e-05
0.007 6.736372173e-05
0.0071 6.995341064e-05
0.0072 7.260795845e-05
0.0073 7.532820705e-05
0.0074 7.811500134e-05
0.0075 8.096918928e-05
0.0076 8.389162184e-05
0.0077 8.688315303e-05
0.0078 8.994463991e-05
0.0079 9.307694256e-05
0.008 9.628092411e-05
0.0081 9.955745074e-05
0.0082 0.0001029073916
0.0083 0.0001063316191
0.0084 0.0001098310083
0.0085 0.0001134064376
0.0086 0.0001170587884
0.0087 0.000120788945
0.0088 0.0001245977947
0.0089 0.0001284862282
0.009 0.0001324551386
0.0091 0.0001365054226
0.0092 0.0001406379795
0.0093 0.0001448537117
0.0094 0.0001491535249
0.0095 0.0001535383273
0.0096 0.0001580090304
0.0097 0.0001625665486
0.0098 0.0001672117992
0.0099 0.0001719457028
0.01 0.0001767691824
0.0101 0.0001816831644
0.0102 0.0001866885779
0.0103 0.0001917863551
0.0104 0.000196977431
0.0105 0.0002022627436
0.0106 0.0002076432337
0.0107 0.0002131198452
0.0108 0.0002186935246
0.0109 0.0002243652216
0.011 0.0002301358884
0.0111 0.0002360064804
0.0112 0.0002419779557
0.0113 0.0002480512752
0.0114 0.0002542274026
0.0115 0.0002605073047
0.0116 0.0002668919506
0.0117 0.0002733823127
0.0118 0.0002799793659
0.0119 0.0002866840879
0.012 0.0002934974591
0.0121 0.0003004204627
0.0122 0.0003074540848
0.0123 0.0003145993139
0.0124 0.0003218571414
0.0125 0.0003292285614
0.0126 0.0003367145705
0.0127 0.0003443161681
0.0128 0.0003520343562
0.0129 0.0003598701395
0.013 0.0003678245252
0.0131 0.0003758985231
0.0132 0.0003840931458
0.0133 0.0003924094081
0.0134 0.0004008483277
0.0135 0.0004094109246
0.0136 0.0004180982215
0.0137 0.0004269112434
0.0138 0.0004358510179
0.0139 0.0004449185752
0.014 0.0004541149477
0.0141 0.0004634411704
0.0142 0.0004728982806
0.0143 0.0004824873182
0.0144 0.0004922093252
0.0145 0.0005020653462
0.0146 0.0005120564281
0.0147 0.00052218362
0.0148 0.0005324479734
0.0149 0.0005428505421
0.015 0.0005533923822
0.0151 0.0005640745519
0.0152 0.0005748981117
0.0153 0.0005858641245
0.0154 0.000596973655
0.0155 0.0006082277705
0.0156 0.0006196275401
0.0157 0.0006311740353
0.0158 0.0006428683294
0.0159 0.0006547114981
0.016 0.000666704619
0.0161 0.0006788487717
0.0162 0.0006911450379
0.0163 0.0007035945013
0.0164 0.0007161982476
0.0165 0.0007289573643
0.0166 0.0007418729411
0.0167 0.0007549460694
0.0168 0.0007681778424
0.0169 0.0007815693554
0.017 0.0007951217055
0.0171 0.0008088359915
0.0172 0.000822713314
0.0173 0.0008367547754
0.0174 0.0008509614799
0.0175 0.0008653345334
0.0176 0.0008798750433
0.0177 0.000894584119
0.0178 0.0009094628713
0.0179 0.0009245124127
0.018 0.0009397338572
0.0181 0.0009551283206
0.0182 0.00097069692
0.0183 0.000986440774
0.0184 0.001002361003
0.0185 0.001018458729
0.0186 0.001034735074
0.0187 0.001051191163
0.0188 0.001067828122
0.0189 0.001084647079
0.019 0.001101649161
0.0191 0.001118835499
0.0192 0.001136207224
0.0193 0.001153765468
0.0194 0.001171511365
0.0195 0.001189446049
0.0196 0.001207570657
0.0197 0.001225886325
0.0198 0.001244394192
0.0199 0.001263095396
0.02 0.001281991079
