0 nan
0.0001 2301.837845
0.0002 2129.023034
0.0003 1956.865785
0.0004 1785.367078
0.0005 1614.527799
0.0006 1444.348735
0.0007 1274.830575
0.0008 1105.973907
0.0009 937.7792233
0.001 770.2469155
0.0011 603.3772785
0.0012 437.1705101
0.0013 271.6267116
0.0014 106.7458886
0.0015 -57.47204858
0.0016 -221.0272836
0.0017 -383.9200938
0.0018 -546.1508492
0.0019 -707.7200118
0.002 -868.6281346
0.0021 -1028.875861
0.0022 -1188.463923
0.0023 -1347.393143
0.0024 -1505.664429
0.0025 -1663.278777
0.0026 -1820.237269
0.0027 -1976.54107
0.0028 -2132.191431
0.0029 -2287.189685
0.003 -2441.537248
0.0031 -2595.235616
0.0032 -2748.286367
0.0033 -2900.691156
0.0034 -3052.451718
0.0035 -3203.569865
0.0036 -3354.047483
0.0037 -3503.886538
0.0038 -3653.089065
0.0039 -3801.657176
0.004 -3949.593055
0.0041 -4096.898956
0.0042 -4243.577204
0.0043 -4389.630194
0.0044 -4535.060388
0.0045 -4679.870317
0.0046 -4824.062577
0.0047 -4967.63983
0.0048 -5110.604804
0.0049 -5252.960287
0.005 -5394.709133
0.0051 -5535.854256
0.0052 -5676.39863
0.0053 -5816.34529
0.0054 -5955.697329
0.0055 -6094.457897
0.0056 -6232.630202
0.0057 -6370.217508
0.0058 -6507.223132
0.0059 -6643.650447
0.006 -6779.502879
0.0061 -6914.783906
0.0062 -7049.497056
0.0063 -7183.64591
0.0064 -7317.234097
0.0065 -7450.265295
0.0066 -7582.74323
0.0067 -7714.671676
0.0068 -7846.054452
0.0069 -7976.895424
0.007 -8107.198502
0.0071 -8236.96764
0.0072 -8366.206837
0.0073 -8494.920131
0.0074 -8623.111605
0.0075 -8750.785382
0.0076 -8877.945626
0.0077 -9004.59654
0.0078 -9130.742368
0.0079 -9256.38739
0.008 -9381.535925
0.0081 -9506.192332
0.0082 -9630.361002
0.0083 -9754.046367
0.0084 -9877.252891
0.0085 -9999.985076
0.0086 -10122.24746
0.0087 -10244.0446
0.0088 -10365.38112
0.0089 -10486.26165
0.009 -10606.69085
0.0091 -10726.67344
0.0092 -10846.21414
0.0093 -10965.31773
0.0094 -11083.989
0.0095 -11202.23279
0.0096 -11320.05396
0.0097 -11437.4574
0.0098 -11554.44804
0.0099 -11671.03083
0.01 -11787.21076
0.0101 -11902.99285
0.0102 -12018.38213
0.0103 -12133.3837
0.0104 -12248.00265
0.0105 -12362.24412
0.0106 -12476.1133
0.0107 -12589.61536
0.0108 -12702.75555
0.0109 -12815.53913
0.011 -12927.97139
0.0111 -13040.05764
0.0112 -13151.80326
0.0113 -13263.21362
0.0114 -13374.29414
0.0115 -13485.05028
0.0116 -13595.48752
0.0117 -13705.61139
0.0118 -13815.42743
0.0119 -13924.94122
0.012 -14034.15841
0.0121 -14143.08464
0.0122 -14251.7256
0.0123 -14360.08704
0.0124 -14468.17472
0.0125 -14575.99445
0.0126 -14683.55209
0.0127 -14790.85351
0.0128 -14897.90466
0.0129 -15004.71151
0.013 -15111.28008
0.0131 -15217.61643
0.0132 -15323.72668
0.0133 -15429.61697
0.0134 -15535.29353
0.0135 -15640.7626
0.0136 -15746.03051
0.0137 -15851.1036
0.0138 -15955.98831
0.0139 -16060.69111
0.014 -16165.21854
0.0141 -16269.57719
0.0142 -16373.77372
0.0143 -16477.81487
0.0144 -16581.70742
0.0145 -16685.45823
0.0146 -16789.07425
0.0147 -16892.56249
0.0148 -16995.93002
0.0149 -17099.18402
0.015 -17202.33175
0.0151 -17305.38054
0.0152 -17408.33781
0.0153 -17511.2111
0.0154 -17614.00802
0.0155 -17716.73628
0.0156 -17819.40372
0.0157 -17922.01826
0.0158 -18024.58794
0.0159 -18127.12093
0.016 -18229.62551
0.0161 -18332.11009
0.0162 -18434.58321
0.0163 -18537.05355
0.0164 -18639.52993
0.0165 -18742.02132
0.0166 -18844.53685
0.0167 -18947.0858
0.0168 -19049.67763
0.0169 -19152.32197
0.017 -19255.02864
0.0171 -19357.80763
0.0172 -19460.66916
0.0173 -19563.62364
0.0174 -19666.68169
0.0175 -19769.85419
0.0176 -19873.15222
0.0177 -19976.58713
0.0178 -20080.17053
0.0179 -20183.91429
0.018 -20287.83058
0.0181 -20391.93186
0.0182 -20496.2309
0.0183 -20600.74081
0.0184 -20705.47503
0.0185 -20810.44738
0.0186 -20915.67203
0.0187 -21021.16359
0.0188 -21126.93705
0.0189 -21233.00785
0.019 -21339.39191
0.0191 -21446.10562
0.0192 -21553.1659
0.0193 -21660.59019
0.0194 -21768.39651
0.0195 -21876.6035
0.0196 -21985.23042
0.0197 -22094.29719
0.0198 -22203.82447
0.0199 -22313.83366
0.02 -22424.34695
