0 0
0.0001 -5.731885679e-10
0.0002 2.70845854e-09
0.0003 1.086148617e-08
0.0004 2.454553346e-08
0.0005 4.429702184e-08
0.0006 7.05958023e-08
0.0007 1.03888964e-07
0.0008 1.446018043e-07
0.0009 1.931440142e-07
0.001 2.499136329e-07
0.0011 3.152997716e-07
0.0012 3.896845817e-07
0.0013 4.734447272e-07
0.0014 5.669525175e-07
0.0015 6.705767974e-07
0.0016 7.84683662e-07
0.0017 9.09637038e-07
0.0018 1.045799165e-06
0.0019 1.193530997e-06
0.002 1.353192544e-06
0.0021 1.525143162e-06
0.0022 1.709741802e-06
0.0023 1.907347226e-06
0.0024 2.1183182e-06
0.0025 2.343013659e-06
0.0026 2.58179285e-06
0.0027 2.835015469e-06
0.0028 3.103041774e-06
0.0029 3.386232688e-06
0.003 3.684949897e-06
0.0031 3.999555931e-06
0.0032 4.330414245e-06
0.0033 4.677889285e-06
0.0034 5.042346552e-06
0.0035 5.424152664e-06
0.0036 5.823675406e-06
0.0037 6.241283779e-06
0.0038 6.677348047e-06
0.0039 7.132239777e-06
0.004 7.606331879e-06
0.0041 8.09999864e-06
0.0042 8.61361576e-06
0.0043 9.147560379e-06
0.0044 9.702211108e-06
0.0045 1.027794806e-05
0.0046 1.087515285e-05
0.0047 1.149420867e-05
0.0048 1.213550027e-05
0.0049 1.279941396e-05
0.005 1.348633769e-05
0.0051 1.419666103e-05
0.0052 1.493077518e-05
0.0053 1.5689073e-05
0.0054 1.647194903e-05
0.0055 1.727979951e-05
0.0056 1.811302234e-05
0.0057 1.897201719e-05
0.0058 1.98571854e-05
0.0059 2.076893008e-05
0.006 2.170765608e-05
0.0061 2.267377002e-05
0.0062 2.366768025e-05
0.0063 2.468979695e-05
0.0064 2.574053203e-05
0.0065 2.682029924e-05
0.0066 2.79295141e-05
0.0067 2.906859395e-05
0.0068 3.023795795e-05
0.0069 3.143802708e-05
0.007 3.266922414e-05
0.0071 3.393197377e-05
0.0072 3.522670246e-05
0.0073 3.655383853e-05
0.0074 3.791381216e-05
0.0075 3.930705539e-05
0.0076 4.07340021e-05
0.0077 4.219508807e-05
0.0078 4.369075091e-05
0.0079 4.522143015e-05
0.008 4.678756714e-05
0.0081 4.838960517e-05
0.0082 5.002798936e-05
0.0083 5.170316677e-05
0.0084 5.341558631e-05
0.0085 5.51656988e-05
0.0086 5.695395696e-05
0.0087 5.878081541e-05
0.0088 6.064673065e-05
0.0089 6.255216113e-05
0.009 6.449756715e-05
0.0091 6.648341097e-05
0.0092 6.851015672e-05
0.0093 7.057827047e-05
0.0094 7.26882202e-05
0.0095 7.48404758e-05
0.0096 7.703550907e-05
0.0097 7.927379375e-05
0.0098 8.155580549e-05
0.0099 8.388202186e-05
0.01 8.625292235e-05
0.0101 8.866898839e-05
0.0102 9.113070332e-05
0.0103 9.363855241e-05
0.0104 9.619302286e-05
0.0105 9.879460379e-05
0.0106 0.0001014437863
0.0107 0.0001041410633
0.0108 0.0001068869297
0.0109 0.0001096818825
0.011 0.0001125264203
0.0111 0.0001154210439
0.0112 0.0001183662559
0.0113 0.0001213625609
0.0114 0.0001244104654
0.0115 0.0001275104778
0.0116 0.0001306631085
0.0117 0.0001338688698
0.0118 0.0001371282759
0.0119 0.000140441843
0.012 0.0001438100892
0.0121 0.0001472335346
0.0122 0.000150712701
0.0123 0.0001542481123
0.0124 0.0001578402945
0.0125 0.0001614897752
0.0126 0.0001651970841
0.0127 0.0001689627528
0.0128 0.000172787315
0.0129 0.0001766713059
0.013 0.0001806152631
0.0131 0.0001846197259
0.0132 0.0001886852355
0.0133 0.0001928123351
0.0134 0.0001970015697
0.0135 0.0002012534865
0.0136 0.0002055686343
0.0137 0.000209947564
0.0138 0.0002143908284
0.0139 0.0002188989822
0.014 0.0002234725821
0.0141 0.0002281121866
0.0142 0.0002328183561
0.0143 0.0002375916531
0.0144 0.0002424326417
0.0145 0.0002473418883
0.0146 0.0002523199609
0.0147 0.0002573674296
0.0148 0.0002624848662
0.0149 0.0002676728447
0.015 0.0002729319408
0.0151 0.0002782627321
0.0152 0.0002836657982
0.0153 0.0002891417206
0.0154 0.0002946910826
0.0155 0.0003003144694
0.0156 0.0003060124683
0.0157 0.0003117856682
0.0158 0.0003176346601
0.0159 0.0003235600369
0.016 0.0003295623933
0.0161 0.0003356423258
0.0162 0.000341800433
0.0163 0.0003480373153
0.0164 0.0003543535749
0.0165 0.000360749816
0.0166 0.0003672266446
0.0167 0.0003737846686
0.0168 0.0003804244978
0.0169 0.0003871467438
0.017 0.0003939520201
0.0171 0.0004008409422
0.0172 0.0004078141273
0.0173 0.0004148721945
0.0174 0.0004220157648
0.0175 0.0004292454611
0.0176 0.0004365619079
0.0177 0.000443965732
0.0178 0.0004514575616
0.0179 0.0004590380272
0.018 0.0004667077606
0.0181 0.000474467396
0.0182 0.0004823175691
0.0183 0.0004902589175
0.0184 0.0004982920808
0.0185 0.0005064177002
0.0186 0.0005146364188
0.0187 0.0005229488817
0.0188 0.0005313557356
0.0189 0.0005398576292
0.019 0.000548455213
0.0191 0.0005571491391
0.0192 0.0005659400617
0.0193 0.0005748286367
0.0194 0.0005838155218
0.0195 0.0005929013765
0.0196 0.0006020868621
0.0197 0.0006113726419
0.0198 0.0006207593807
0.0199 0.0006302477452
0.02 0.0006398384039
