0 31.41588977
1e-06 31.41588977
2e-06 31.41588977
3e-06 31.41588977
4e-06 31.41588977
5e-06 31.41588977
6e-06 31.41588977
7e-06 31.41588977
8e-06 31.41588977
9e-06 31.41588977
1e-05 31.41588977
1.1e-05 31.41588977
1.2e-05 31.41588977
1.3e-05 31.41588977
1.4e-05 31.41588977
1.5e-05 31.41588977
1.6e-05 31.41588977
1.7e-05 31.41588977
1.8e-05 31.41588977
1.9e-05 31.41588977
2e-05 31.41588977
2.1e-05 31.41588977
2.2e-05 31.41588977
2.3e-05 31.41588977
2.4e-05 31.41588977
2.5e-05 31.41588977
2.6e-05 31.41588977
2.7e-05 31.41588977
2.8e-05 31.41588977
2.9e-05 31.41588977
3e-05 31.41588977
3.1e-05 31.41588977
3.2e-05 31.41588977
3.3e-05 31.41588977
3.4e-05 31.41588977
3.5e-05 31.41588977
3.6e-05 31.41588977
3.7e-05 31.41588977
3.8e-05 31.41588977
3.9e-05 31.41588977
4e-05 31.41588977
4.1e-05 31.41588977
4.2e-05 31.41588977
4.3e-05 31.41588977
4.4e-05 31.41588977
4.5e-05 31.41588977
4.6e-05 31.41588977
4.7e-05 31.41588977
4.8e-05 31.41588977
4.9e-05 31.41588977
5e-05 31.41588977
5.1e-05 31.41588977
5.2e-05 31.41588977
5.3e-05 31.41588977
5.4e-05 31.41588977
5.5e-05 31.41588977
5.6e-05 31.41588977
5.7e-05 31.41588977
5.8e-05 31.41588977
5.9e-05 31.41588977
6e-05 31.41588977
6.1e-05 31.41588977
6.2e-05 31.41588977
6.3e-05 31.41588977
6.4e-05 31.41588977
6.5e-05 31.41588977
6.6e-05 31.41588977
6.7e-05 31.41588977
6.8e-05 31.41588977
6.9e-05 31.41588977
7e-05 31.41588977
7.1e-05 31.41588977
7.2e-05 31.41588977
7.3e-05 31.41588977
7.4e-05 31.41588977
7.5e-05 31.41588977
7.6e-05 31.41588977
7.7e-05 31.41588977
7.8e-05 31.41588977
7.9e-05 31.41588977
8e-05 31.41588977
8.1e-05 31.41588977
8.2e-05 31.41588977
8.3e-05 31.41588977
8.4e-05 31.41588977
8.5e-05 31.41588977
8.6e-05 31.41588977
8.7e-05 31.41588977
8.8e-05 31.41588977
8.9e-05 31.41588977
9e-05 31.41588977
9.1e-05 31.41588977
9.2e-05 31.41588977
9.3e-05 31.41588977
9.4e-05 31.41588977
9.5e-05 31.41588977
9.6e-05 31.41588977
9.7e-05 31.41588977
9.8e-05 31.41588977
9.9e-05 31.41588977
0.0001 31.41588977
