0 500
1e-06 499.9001381
2e-06 499.8004167
3e-06 499.7008457
4e-06 499.6014357
5e-06 499.5021988
6e-06 499.4031478
7e-06 499.3042971
8e-06 499.2056624
9e-06 499.1072607
1e-05 499.0091108
1.1e-05 498.9112332
1.2e-05 498.8136505
1.3e-05 498.7163873
1.4e-05 498.6194703
1.5e-05 498.5229289
1.6e-05 498.4267951
1.7e-05 498.3311038
1.8e-05 498.2358928
1.9e-05 498.1412034
2e-05 498.0470804
2.1e-05 497.9535723
2.2e-05 497.8607315
2.3e-05 497.7686146
2.4e-05 497.6772827
2.5e-05 497.5868013
2.6e-05 497.4972404
2.7e-05 497.408675
2.8e-05 497.3211849
2.9e-05 497.2348544
3e-05 497.1497729
3.1e-05 497.0660342
3.2e-05 496.9837363
3.3e-05 496.9029814
3.4e-05 496.8238751
3.5e-05 496.7465264
3.6e-05 496.6710463
3.7e-05 496.5975478
3.8e-05 496.5261448
3.9e-05 496.4569513
4e-05 496.3900802
4.1e-05 496.3256427
4.2e-05 496.2637468
4.3e-05 496.2044969
4.4e-05 496.1479922
4.5e-05 496.0943258
4.6e-05 496.0435842
4.7e-05 495.9958462
4.8e-05 495.951182
4.9e-05 495.9096531
5e-05 495.8713116
5.1e-05 495.8362001
5.2e-05 495.8043516
5.3e-05 495.7757894
5.4e-05 495.750528
5.5e-05 495.7285729
5.6e-05 495.7099218
5.7e-05 495.6945651
5.8e-05 495.6824869
5.9e-05 495.673666
6e-05 495.6680775
6.1e-05 495.6656933
6.2e-05 495.6664841
6.3e-05 495.6704203
6.4e-05 495.6774739
6.5e-05 495.6876193
6.6e-05 495.7008353
6.7e-05 495.7171063
6.8e-05 495.7364239
6.9e-05 495.7587883
7e-05 495.7842099
7.1e-05 495.8127106
7.2e-05 495.844326
7.3e-05 495.8791062
7.4e-05 495.9171185
7.5e-05 495.9584484
7.6e-05 496.0032024
7.7e-05 496.0515099
7.8e-05 496.1035256
7.9e-05 496.1594327
8e-05 496.2194456
8.1e-05 496.2838142
8.2e-05 496.3528279
8.3e-05 496.4268204
8.4e-05 496.5061761
8.5e-05 496.5913365
8.6e-05 496.6828088
8.7e-05 496.7811757
8.8e-05 496.8871072
8.9e-05 497.0013748
9e-05 497.1248692
9.1e-05 497.2586212
9.2e-05 497.403828
9.3e-05 497.5618856
9.4e-05 497.734429
9.5e-05 497.9233831
9.6e-05 498.1310272
9.7e-05 498.3600767
9.8e-05 498.6137903
9.9e-05 498.896108
0.0001 499.2118354
