0 1000
1e-06 1100.360739
2e-06 1210.74747
3e-06 1332.156392
4e-06 1465.681865
5e-06 1612.525899
6e-06 1774.008501
7e-06 1951.578953
8e-06 2146.82806
9e-06 2361.501435
1e-05 2597.51386
1.1e-05 2856.964751
1.2e-05 3142.154742
1.3e-05 3455.603368
1.4e-05 3800.067794
1.5e-05 4178.562502
1.6e-05 4594.379773
1.7e-05 5051.110754
1.8e-05 5552.666803
1.9e-05 6103.300741
2e-05 6707.627513
2.1e-05 7370.64369
2.2e-05 8097.745123
2.3e-05 8894.741981
2.4e-05 9767.870309
2.5e-05 10723.79921
2.6e-05 11769.63269
2.7e-05 12912.9053
2.8e-05 14161.57059
2.9e-05 15523.98181
3e-05 17008.86412
3.1e-05 18625.27808
3.2e-05 20382.57426
3.3e-05 22290.33935
3.4e-05 24358.33437
3.5e-05 26596.42596
3.6e-05 29014.51225
3.7e-05 31622.445
3.8e-05 34429.95019
3.9e-05 37446.54934
4e-05 40681.48408
4.1e-05 44143.64658
4.2e-05 47841.51839
4.3e-05 51783.12002
4.4e-05 55975.97339
4.5e-05 60427.07894
4.6e-05 65142.90863
4.7e-05 70129.4157
4.8e-05 75392.06144
4.9e-05 80935.85867
5e-05 86765.43127
5.1e-05 92885.08853
5.2e-05 99298.91286
5.3e-05 106010.859
5.4e-05 113024.863
5.5e-05 120344.9593
5.6e-05 127975.403
5.7e-05 135920.7984
5.8e-05 144186.2293
5.9e-05 152777.393
6e-05 161700.736
6.1e-05 170963.5928
6.2e-05 180574.3266
6.3e-05 190542.4754
6.4e-05 200878.9026
6.5e-05 211595.9555
6.6e-05 222707.6346
6.7e-05 234229.775
6.8e-05 246180.2447
6.9e-05 258579.1636
7e-05 271449.1479
7.1e-05 284815.5842
7.2e-05 298706.942
7.3e-05 313155.1292
7.4e-05 328195.9012
7.5e-05 343869.3331
7.6e-05 360220.3672
7.7e-05 377299.4505
7.8e-05 395163.2799
7.9e-05 413875.677
8e-05 433508.6185
8.1e-05 454143.4543
8.2e-05 475872.3549
8.3e-05 498800.0377
8.4e-05 523045.8358
8.5e-05 548746.1893
8.6e-05 576057.6615
8.7e-05 605160.6107
8.8e-05 636263.6864
8.9e-05 669609.3693
9e-05 705480.8447
9.1e-05 744210.5885
9.2e-05 786191.1772
9.3e-05 831889.0075
9.4e-05 881861.8616
9.5e-05 936781.6084
9.6e-05 997463.8403
9.7e-05 1064906.987
9.8e-05 1140344.548
9.9e-05 1225315.746
0.0001 1321762.42
