0 1.928749848e-19
1e-06 1.967461506e-19
2e-06 2.013495633e-19
3e-06 2.065918264e-19
4e-06 2.123935821e-19
5e-06 2.186873991e-19
6e-06 2.254159912e-19
7e-06 2.325307115e-19
8e-06 2.399902789e-19
9e-06 2.477596996e-19
1e-05 2.558093515e-19
1.1e-05 2.641142076e-19
1.2e-05 2.72653175e-19
1.3e-05 2.814085325e-19
1.4e-05 2.90365451e-19
1.5e-05 2.995115846e-19
1.6e-05 3.088367211e-19
1.7e-05 3.18332483e-19
1.8e-05 3.279920716e-19
1.9e-05 3.378100484e-19
2e-05 3.477821464e-19
2.1e-05 3.579051093e-19
2.2e-05 3.681765526e-19
2.3e-05 3.785948448e-19
2.4e-05 3.891590047e-19
2.5e-05 3.998686133e-19
2.6e-05 4.107237383e-19
2.7e-05 4.217248679e-19
2.8e-05 4.328728553e-19
2.9e-05 4.441688699e-19
3e-05 4.556143554e-19
3.1e-05 4.67210994e-19
3.2e-05 4.789606751e-19
3.3e-05 4.90865469e-19
3.4e-05 5.029276036e-19
3.5e-05 5.151494448e-19
3.6e-05 5.275334795e-19
3.7e-05 5.400823012e-19
3.8e-05 5.527985974e-19
3.9e-05 5.656851387e-19
4e-05 5.787447703e-19
4.1e-05 5.919804041e-19
4.2e-05 -121.6546354
4.3e-05 -342.3109026
4.4e-05 -527.4281711
4.5e-05 -881.4617045
4.6e-05 -1649.693732
4.7e-05 -2430.082766
4.8e-05 -3213.731513
4.9e-05 -3991.419353
5e-05 -4753.748327
5.1e-05 -5491.287039
5.2e-05 -6194.708086
5.3e-05 -6854.915113
5.4e-05 -7463.156263
5.5e-05 -8011.121556
5.6e-05 -8491.022491
5.7e-05 -8895.652982
5.8e-05 -9218.431443
5.9e-05 -9453.424495
6e-05 -9612.696716
6.1e-05 -12514.35471
6.2e-05 -15584.60678
6.3e-05 -18822.4691
6.4e-05 -22226.9713
6.5e-05 -25797.24023
6.6e-05 -29532.58322
6.7e-05 -33432.57068
6.8e-05 -37497.11822
6.9e-05 -41726.56874
7e-05 -46121.77503
7.1e-05 -50684.18374
7.2e-05 -55415.92192
7.3e-05 -60319.88738
7.4e-05 -65399.8447
7.5e-05 -70660.52865
7.6e-05 -76107.75745
7.7e-05 -81748.55855
7.8e-05 -87591.30997
7.9e-05 -93645.901
8e-05 -99923.91674
8.1e-05 -106438.8517
8.2e-05 -113206.3588
8.3e-05 -120244.5426
8.4e-05 -127574.3051
8.5e-05 -135219.7576
8.6e-05 -143208.714
8.7e-05 -151573.2843
8.8e-05 -160350.5931
8.9e-05 -169583.6558
9e-05 -179322.4521
9.1e-05 -189625.2516
9.2e-05 -200560.2596
9.3e-05 -212207.6794
9.4e-05 -224662.3139
9.5e-05 -238036.8773
9.6e-05 -252466.2523
9.7e-05 -268113.0155
9.8e-05 -285174.6919
9.9e-05 -303893.3931
0.0001 -324568.7925
