0 6.943971932e-09
1e-06 7.09637814e-09
2e-06 7.25257827e-09
3e-06 7.411533539e-09
4e-06 7.57240091e-09
5e-06 7.734499446e-09
6e-06 7.897282352e-09
7e-06 8.06031373e-09
8e-06 8.223249256e-09
9e-06 8.385820113e-09
1e-05 8.547819629e-09
1.1e-05 8.709092171e-09
1.2e-05 8.869523906e-09
1.3e-05 9.029035131e-09
1.4e-05 9.187573898e-09
1.5e-05 9.345110728e-09
1.6e-05 9.501634217e-09
1.7e-05 9.657147408e-09
1.8e-05 9.811664783e-09
1.9e-05 9.965209776e-09
2e-05 1.011781273e-08
2.1e-05 1.026950922e-08
2.2e-05 1.042033865e-08
2.3e-05 1.057034316e-08
2.4e-05 1.071956668e-08
2.5e-05 1.086805418e-08
2.6e-05 1.10158511e-08
2.7e-05 1.116300288e-08
2.8e-05 1.130955453e-08
2.9e-05 1.145555037e-08
3e-05 1.160103382e-08
3.1e-05 1.174604719e-08
3.2e-05 1.189063157e-08
3.3e-05 1.203482676e-08
3.4e-05 1.21786712e-08
3.5e-05 1.23222019e-08
3.6e-05 1.246545451e-08
3.7e-05 1.260846325e-08
3.8e-05 1.275126096e-08
3.9e-05 1.289387911e-08
4e-05 1.303634786e-08
4.1e-05 1.317869607e-08
4.2e-05 1.332095135e-08
4.3e-05 1.346314012e-08
4.4e-05 1.360528764e-08
4.5e-05 1.374741807e-08
4.6e-05 1.388955452e-08
4.7e-05 1.403171907e-08
4.8e-05 1.417393286e-08
4.9e-05 1.431621612e-08
5e-05 1.445858821e-08
5.1e-05 1.460106765e-08
5.2e-05 1.47436722e-08
5.3e-05 1.488641887e-08
5.4e-05 1.502932397e-08
5.5e-05 1.517240315e-08
5.6e-05 1.531567144e-08
5.7e-05 1.545914325e-08
5.8e-05 1.560283244e-08
5.9e-05 1.574675236e-08
6e-05 1.589091584e-08
6.1e-05 1.603533522e-08
6.2e-05 1.618002241e-08
6.3e-05 1.63249889e-08
6.4e-05 1.647024577e-08
6.5e-05 1.661580371e-08
6.6e-05 1.676167307e-08
6.7e-05 1.690786385e-08
6.8e-05 1.705438574e-08
6.9e-05 1.72012481e-08
7e-05 1.734846003e-08
7.1e-05 1.749603036e-08
7.2e-05 1.764396762e-08
7.3e-05 1.779228015e-08
7.4e-05 1.794097603e-08
7.5e-05 1.809006312e-08
7.6e-05 1.823954907e-08
7.7e-05 1.838944135e-08
7.8e-05 1.853974724e-08
7.9e-05 1.869047382e-08
8e-05 1.884162803e-08
8.1e-05 1.899321662e-08
8.2e-05 1.914524622e-08
8.3e-05 1.92977233e-08
8.4e-05 1.945065419e-08
8.5e-05 1.960404509e-08
8.6e-05 1.975790209e-08
8.7e-05 1.991223114e-08
8.8e-05 2.006703809e-08
8.9e-05 2.022232869e-08
9e-05 2.037810857e-08
9.1e-05 2.053438328e-08
9.2e-05 2.069115827e-08
9.3e-05 2.08484389e-08
9.4e-05 2.100623045e-08
9.5e-05 2.116453811e-08
9.6e-05 2.132336702e-08
9.7e-05 2.148272221e-08
9.8e-05 2.164260867e-08
9.9e-05 2.180303131e-08
0.0001 2.196399498e-08
