0 385884.1935
1e-06 385535.2332
2e-06 385189.2004
3e-06 384846.3729
4e-06 384507.0148
5e-06 384171.3746
6e-06 383839.6845
7e-06 383512.158
8e-06 383188.99
9e-06 382870.3551
1e-05 382556.4072
1.1e-05 382247.2789
1.2e-05 381943.0814
1.3e-05 381643.9045
1.4e-05 381349.8163
1.5e-05 381060.8642
1.6e-05 380777.0748
1.7e-05 380498.4552
1.8e-05 380224.9933
1.9e-05 379956.6592
2e-05 379693.4059
2.1e-05 379435.1709
2.2e-05 379181.8774
2.3e-05 378933.4352
2.4e-05 378689.7425
2.5e-05 378450.6872
2.6e-05 378216.148
2.7e-05 377985.9959
2.8e-05 377760.0955
2.9e-05 377538.3063
3e-05 377320.4837
3.1e-05 377106.4804
3.2e-05 376896.1471
3.3e-05 376689.334
3.4e-05 376485.8912
3.5e-05 376285.67
3.6e-05 376088.5236
3.7e-05 375894.3081
3.8e-05 375702.883
3.9e-05 375514.1127
4e-05 375327.8679
4.1e-05 375144.0281
4.2e-05 nan
4.3e-05 nan
4.4e-05 nan
4.5e-05 nan
4.6e-05 nan
4.7e-05 nan
4.8e-05 nan
4.9e-05 nan
5e-05 nan
5.1e-05 nan
5.2e-05 nan
5.3e-05 nan
5.4e-05 nan
5.5e-05 nan
5.6e-05 nan
5.7e-05 nan
5.8e-05 nan
5.9e-05 nan
6e-05 nan
6.1e-05 nan
6.2e-05 nan
6.3e-05 nan
6.4e-05 nan
6.5e-05 nan
6.6e-05 nan
6.7e-05 nan
6.8e-05 nan
6.9e-05 nan
7e-05 nan
7.1e-05 nan
7.2e-05 nan
7.3e-05 nan
7.4e-05 nan
7.5e-05 nan
7.6e-05 nan
7.7e-05 nan
7.8e-05 nan
7.9e-05 nan
8e-05 nan
8.1e-05 nan
8.2e-05 nan
8.3e-05 nan
8.4e-05 nan
8.5e-05 nan
8.6e-05 nan
8.7e-05 nan
8.8e-05 nan
8.9e-05 nan
9e-05 nan
9.1e-05 nan
9.2e-05 nan
9.3e-05 nan
9.4e-05 nan
9.5e-05 nan
9.6e-05 nan
9.7e-05 nan
9.8e-05 nan
9.9e-05 nan
0.0001 nan
