0 31.41592654
1e-06 31.41592654
2e-06 31.41592654
3e-06 31.41592654
4e-06 31.41592654
5e-06 31.41592654
6e-06 31.41592654
7e-06 31.41592654
8e-06 31.41592654
9e-06 31.41592654
1e-05 31.41592654
1.1e-05 31.41592654
1.2e-05 31.41592654
1.3e-05 31.41592654
1.4e-05 31.41592654
1.5e-05 31.41592654
1.6e-05 31.41592654
1.7e-05 31.41592654
1.8e-05 31.41592654
1.9e-05 31.41592654
2e-05 31.41592654
2.1e-05 31.41592654
2.2e-05 31.41592654
2.3e-05 31.41592654
2.4e-05 31.41592654
2.5e-05 31.41592654
2.6e-05 31.41592654
2.7e-05 31.41592654
2.8e-05 31.41592654
2.9e-05 31.41592654
3e-05 31.41592654
3.1e-05 31.41592654
3.2e-05 31.41592654
3.3e-05 31.41592654
3.4e-05 31.41592654
3.5e-05 31.41592654
3.6e-05 31.41592654
3.7e-05 31.41592654
3.8e-05 31.41592654
3.9e-05 31.41592654
4e-05 31.41592654
4.1e-05 31.41592654
4.2e-05 31.41592654
4.3e-05 31.41592654
4.4e-05 31.41592654
4.5e-05 31.41592654
4.6e-05 31.41592654
4.7e-05 31.41592654
4.8e-05 31.41592654
4.9e-05 31.41592654
5e-05 31.41592654
5.1e-05 31.41592654
5.2e-05 31.41592654
5.3e-05 31.41592654
5.4e-05 31.41592654
5.5e-05 31.41592654
5.6e-05 31.41592654
5.7e-05 31.41592654
5.8e-05 31.41592654
5.9e-05 31.41592654
6e-05 31.41592654
6.1e-05 31.41592654
6.2e-05 31.41592654
6.3e-05 31.41592654
6.4e-05 31.41592654
6.5e-05 31.41592654
6.6e-05 31.41592654
6.7e-05 31.41592654
6.8e-05 31.41592654
6.9e-05 31.41592654
7e-05 31.41592654
7.1e-05 31.41592654
7.2e-05 31.41592654
7.3e-05 31.41592654
7.4e-05 31.41592654
7.5e-05 31.41592654
7.6e-05 31.41592654
7.7e-05 31.41592654
7.8e-05 31.41592654
7.9e-05 31.41592654
8e-05 31.41592654
8.1e-05 31.41592654
8.2e-05 31.41592654
8.3e-05 31.41592654
8.4e-05 31.41592654
8.5e-05 31.41592654
8.6e-05 31.41592654
8.7e-05 31.41592654
8.8e-05 31.41592654
8.9e-05 31.41592654
9e-05 31.41592654
9.1e-05 31.41592654
9.2e-05 31.41592654
9.3e-05 31.41592654
9.4e-05 31.41592654
9.5e-05 31.41592654
9.6e-05 31.41592654
9.7e-05 31.41592654
9.8e-05 31.41592654
9.9e-05 31.41592654
0.0001 31.41592654
