0 500
1e-06 499.9001382
2e-06 499.8004283
3e-06 499.7008823
4e-06 499.601514
5e-06 499.5023382
6e-06 499.4033716
7e-06 499.3046325
8e-06 499.2061413
9e-06 499.1079205
1e-05 499.0099947
1.1e-05 498.9123912
1.2e-05 498.8151399
1.3e-05 498.7182737
1.4e-05 498.6218285
1.5e-05 498.5258436
1.6e-05 498.4303617
1.7e-05 498.3354292
1.8e-05 498.2410961
1.9e-05 498.1474167
2e-05 498.0544488
2.1e-05 497.9622544
2.2e-05 497.8708995
2.3e-05 497.7804539
2.4e-05 497.6909911
2.5e-05 497.6025883
2.6e-05 497.5153258
2.7e-05 497.4292869
2.8e-05 497.3445577
2.9e-05 497.2612263
3e-05 497.1793822
3.1e-05 497.0991164
3.2e-05 497.0205203
3.3e-05 496.9436851
3.4e-05 496.8687015
3.5e-05 496.7956589
3.6e-05 496.7246446
3.7e-05 496.6557436
3.8e-05 496.5890376
3.9e-05 496.5246049
4e-05 496.4625194
4.1e-05 496.4028507
4.2e-05 496.3456635
4.3e-05 496.291017
4.4e-05 496.2389653
4.5e-05 496.1895568
4.6e-05 496.1428343
4.7e-05 496.0988348
4.8e-05 496.0575899
4.9e-05 496.0191259
5e-05 495.9834639
5.1e-05 495.9506202
5.2e-05 495.9206067
5.3e-05 495.8934312
5.4e-05 495.8690982
5.5e-05 495.8476092
5.6e-05 495.8289632
5.7e-05 495.8131579
5.8e-05 495.8001897
5.9e-05 495.7900548
6e-05 495.78275
6.1e-05 495.7782732
6.2e-05 495.7766248
6.3e-05 495.7778077
6.4e-05 495.7818292
6.5e-05 495.7887011
6.6e-05 495.7984412
6.7e-05 495.8110744
6.8e-05 495.8266332
6.9e-05 495.8451598
7e-05 495.8667066
7.1e-05 495.8913382
7.2e-05 495.9191323
7.3e-05 495.9501823
7.4e-05 495.9845981
7.5e-05 496.0225092
7.6e-05 496.0640664
7.7e-05 496.1094448
7.8e-05 496.1588471
7.9e-05 496.2125068
8e-05 496.2706927
8.1e-05 496.3337138
8.2e-05 496.4019247
8.3e-05 496.4757331
8.4e-05 496.5556074
8.5e-05 496.6420865
8.6e-05 496.7357919
8.7e-05 496.8374417
8.8e-05 496.9478683
8.9e-05 497.0680398
9e-05 497.1990867
9.1e-05 497.3423354
9.2e-05 497.4993506
9.3e-05 497.6719887
9.4e-05 497.8624673
9.5e-05 498.073455
9.6e-05 498.3081906
9.7e-05 498.5706409
9.8e-05 498.8657162
9.9e-05 499.1995657
0.0001 499.5799923
