0 6.943971932e-09
1e-06 7.096377984e-09
2e-06 7.252577952e-09
3e-06 7.411533056e-09
4e-06 7.572400261e-09
5e-06 7.734498632e-09
6e-06 7.897281374e-09
7e-06 8.060312589e-09
8e-06 8.223247955e-09
9e-06 8.385818655e-09
1e-05 8.547818016e-09
1.1e-05 8.709090406e-09
1.2e-05 8.869521992e-09
1.3e-05 9.02903307e-09
1.4e-05 9.187571693e-09
1.5e-05 9.34510838e-09
1.6e-05 9.501631729e-09
1.7e-05 9.657144782e-09
1.8e-05 9.811662019e-09
1.9e-05 9.965206876e-09
2e-05 1.01178097e-08
2.1e-05 1.026950605e-08
2.2e-05 1.042033535e-08
2.3e-05 1.057033973e-08
2.4e-05 1.071956311e-08
2.5e-05 1.086805048e-08
2.6e-05 1.101584728e-08
2.7e-05 1.116299892e-08
2.8e-05 1.130955044e-08
2.9e-05 1.145554615e-08
3e-05 1.160102947e-08
3.1e-05 1.17460427e-08
3.2e-05 1.189062696e-08
3.3e-05 1.203482202e-08
3.4e-05 1.217866632e-08
3.5e-05 1.232219689e-08
3.6e-05 1.246544936e-08
3.7e-05 1.260845797e-08
3.8e-05 1.275125554e-08
3.9e-05 1.289387355e-08
4e-05 1.303634217e-08
4.1e-05 1.317869024e-08
4.2e-05 1.332094538e-08
4.3e-05 1.346313401e-08
4.4e-05 1.360528139e-08
4.5e-05 1.374741168e-08
4.6e-05 1.388954798e-08
4.7e-05 1.403171238e-08
4.8e-05 1.417392603e-08
4.9e-05 1.431620914e-08
5e-05 1.445858108e-08
5.1e-05 1.460106037e-08
5.2e-05 1.474366477e-08
5.3e-05 1.488641129e-08
5.4e-05 1.502931624e-08
5.5e-05 1.517239527e-08
5.6e-05 1.53156634e-08
5.7e-05 1.545913506e-08
5.8e-05 1.56028241e-08
5.9e-05 1.574674386e-08
6e-05 1.589090717e-08
6.1e-05 1.603532639e-08
6.2e-05 1.618001342e-08
6.3e-05 1.632497975e-08
6.4e-05 1.647023645e-08
6.5e-05 1.661579423e-08
6.6e-05 1.676166342e-08
6.7e-05 1.690785404e-08
6.8e-05 1.705437575e-08
6.9e-05 1.720123794e-08
7e-05 1.73484497e-08
7.1e-05 1.749601985e-08
7.2e-05 1.764395694e-08
7.3e-05 1.77922693e-08
7.4e-05 1.7940965e-08
7.5e-05 1.80900519e-08
7.6e-05 1.823953768e-08
7.7e-05 1.838942978e-08
7.8e-05 1.853973548e-08
7.9e-05 1.869046188e-08
8e-05 1.88416159e-08
8.1e-05 1.899320431e-08
8.2e-05 1.914523372e-08
8.3e-05 1.929771061e-08
8.4e-05 1.945064131e-08
8.5e-05 1.960403202e-08
8.6e-05 1.975788882e-08
8.7e-05 1.991221767e-08
8.8e-05 2.006702443e-08
8.9e-05 2.022231483e-08
9e-05 2.037809451e-08
9.1e-05 2.053436902e-08
9.2e-05 2.06911438e-08
9.3e-05 2.084842422e-08
9.4e-05 2.100621557e-08
9.5e-05 2.116452302e-08
9.6e-05 2.132335172e-08
9.7e-05 2.14827067e-08
9.8e-05 2.164259295e-08
9.9e-05 2.180301538e-08
0.0001 2.196397883e-08
