0 1000
1e-06 1111.731325
2e-06 1235.917044
3e-06 1373.942892
4e-06 1527.347443
5e-06 1697.837945
6e-06 1887.307253
7e-06 2097.851721
8e-06 2331.789821
9e-06 2591.68121
1e-05 2880.345824
1.1e-05 3200.882542
1.2e-05 3556.686833
1.3e-05 3951.466759
1.4e-05 4389.256633
1.5e-05 4874.42761
1.6e-05 5411.694494
1.7e-05 6006.118079
1.8e-05 6663.102409
1.9e-05 7388.386469
2e-05 8188.029953
2.1e-05 9068.392936
2.2e-05 10036.10949
2.3e-05 11098.0555
2.4e-05 12261.31112
2.5e-05 13533.11864
2.6e-05 14920.83653
2.7e-05 16431.89088
2.8e-05 18073.72535
2.9e-05 19853.75088
3e-05 21779.29663
3.1e-05 23857.5634
3.2e-05 26095.58079
3.3e-05 28500.16926
3.4e-05 31077.90826
3.5e-05 33835.11096
3.6e-05 36777.80657
3.7e-05 39911.73044
3.8e-05 43242.32214
3.9e-05 46774.73172
4e-05 50513.83366
4.1e-05 54464.24839
4.2e-05 58630.37074
4.3e-05 63016.40477
4.4e-05 67626.40424
4.5e-05 72464.31815
4.6e-05 77534.04054
4.7e-05 82839.46396
4.8e-05 88384.536
4.9e-05 94173.31849
5e-05 100210.0488
5.1e-05 106499.2033
5.2e-05 113045.5627
5.3e-05 119854.2791
5.4e-05 126930.9454
5.5e-05 134281.6677
5.6e-05 141913.1397
5.7e-05 149832.7219
5.8e-05 158048.5248
5.9e-05 166569.498
6e-05 175405.5264
6.1e-05 184567.5341
6.2e-05 194067.5989
6.3e-05 203919.0784
6.4e-05 214136.7501
6.5e-05 224736.9682
6.6e-05 235737.8402
6.7e-05 247159.4264
6.8e-05 259023.966
6.9e-05 271356.136
7e-05 284183.3468
7.1e-05 297536.0825
7.2e-05 311448.2933
7.3e-05 325957.85
7.4e-05 341107.0721
7.5e-05 356943.3446
7.6e-05 373519.8397
7.7e-05 390896.3666
7.8e-05 409140.3749
7.9e-05 428328.1452
8e-05 448546.2091
8.1e-05 469893.0512
8.2e-05 492481.1585
8.3e-05 516439.5051
8.4e-05 541916.5793
8.5e-05 569084.0978
8.6e-05 598141.5927
8.7e-05 629322.1182
8.8e-05 662899.4049
8.9e-05 699196.9053
9e-05 738599.3318
9.1e-05 781567.5175
9.2e-05 828657.7575
9.3e-05 880547.2677
9.4e-05 938068.1115
9.5e-05 1002253.022
9.6e-05 1074398.214
9.7e-05 1156150.887
9.8e-05 1249633.355
9.9e-05 1357622.676
0.0001 1483816.527
