0 385884.1935
1e-06 385537.9522
2e-06 385195.1609
3e-06 384856.05
4e-06 384520.8313
5e-06 384189.6972
6e-06 383862.8206
7e-06 383540.3539
8e-06 383222.4298
9e-06 382909.1606
1e-05 382600.6388
1.1e-05 382296.9375
1.2e-05 381998.1107
1.3e-05 381704.1943
1.4e-05 381415.2065
1.5e-05 381131.1488
1.6e-05 380852.0072
1.7e-05 380577.7526
1.8e-05 380308.3423
1.9e-05 380043.721
2e-05 379783.8217
2.1e-05 379528.567
2.2e-05 379277.8698
2.3e-05 379031.6349
2.4e-05 378789.7598
2.5e-05 378552.1354
2.6e-05 378318.6475
2.7e-05 378089.1775
2.8e-05 377863.6031
2.9e-05 377641.7995
3e-05 377423.6401
3.1e-05 377208.9972
3.2e-05 376997.7428
3.3e-05 376789.7493
3.4e-05 376584.8904
3.5e-05 376383.0418
3.6e-05 376184.0822
3.7e-05 375987.8949
3.8e-05 nan
3.9e-05 nan
4e-05 nan
4.1e-05 nan
4.2e-05 nan
4.3e-05 nan
4.4e-05 nan
4.5e-05 nan
4.6e-05 nan
4.7e-05 nan
4.8e-05 nan
4.9e-05 nan
5e-05 nan
5.1e-05 nan
5.2e-05 nan
5.3e-05 nan
5.4e-05 nan
5.5e-05 nan
5.6e-05 nan
5.7e-05 nan
5.8e-05 nan
5.9e-05 nan
6e-05 nan
6.1e-05 nan
6.2e-05 nan
6.3e-05 nan
6.4e-05 nan
6.5e-05 nan
6.6e-05 nan
6.7e-05 nan
6.8e-05 nan
6.9e-05 nan
7e-05 nan
7.1e-05 nan
7.2e-05 nan
7.3e-05 nan
7.4e-05 nan
7.5e-05 nan
7.6e-05 nan
7.7e-05 nan
7.8e-05 nan
7.9e-05 nan
8e-05 nan
8.1e-05 nan
8.2e-05 nan
8.3e-05 nan
8.4e-05 nan
8.5e-05 nan
8.6e-05 nan
8.7e-05 nan
8.8e-05 nan
8.9e-05 nan
9e-05 nan
9.1e-05 nan
9.2e-05 nan
9.3e-05 nan
9.4e-05 nan
9.5e-05 nan
9.6e-05 nan
9.7e-05 nan
9.8e-05 nan
9.9e-05 nan
0.0001 nan
