0 1.928749848e-19
1e-06 1.967461506e-19
2e-06 2.013495633e-19
3e-06 2.065918264e-19
4e-06 2.123935821e-19
5e-06 2.186873991e-19
6e-06 2.254159912e-19
7e-06 2.325307115e-19
8e-06 2.399902789e-19
9e-06 2.477596996e-19
1e-05 2.558093515e-19
1.1e-05 2.641142076e-19
1.2e-05 2.72653175e-19
1.3e-05 2.814085324e-19
1.4e-05 2.90365451e-19
1.5e-05 2.995115846e-19
1.6e-05 3.088367211e-19
1.7e-05 3.183324829e-19
1.8e-05 3.279920716e-19
1.9e-05 3.378100484e-19
2e-05 3.477821464e-19
2.1e-05 3.579051092e-19
2.2e-05 3.681765526e-19
2.3e-05 3.785948447e-19
2.4e-05 3.891590046e-19
2.5e-05 3.998686133e-19
2.6e-05 4.107237382e-19
2.7e-05 4.217248678e-19
2.8e-05 4.328728553e-19
2.9e-05 4.441688699e-19
3e-05 4.556143554e-19
3.1e-05 4.672109939e-19
3.2e-05 4.789606751e-19
3.3e-05 4.908654689e-19
3.4e-05 5.029276035e-19
3.5e-05 5.151494447e-19
3.6e-05 5.275334795e-19
3.7e-05 5.400823012e-19
3.8e-05 -29.9483558
3.9e-05 -74.24669569
4e-05 -168.5324449
4.1e-05 -295.9578516
4.2e-05 -429.3547215
4.3e-05 -568.1001895
4.4e-05 -923.0576926
4.5e-05 -1401.275208
4.6e-05 -1873.143353
4.7e-05 -2333.43905
4.8e-05 -2776.873593
4.9e-05 -3198.13628
5e-05 -3591.9354
5.1e-05 -3953.035956
5.2e-05 -4276.293634
5.3e-05 -4556.684598
5.4e-05 -4789.330794
5.5e-05 -6302.692846
5.6e-05 -8460.203423
5.7e-05 -10758.41085
5.8e-05 -13198.58305
5.9e-05 -15781.92417
6e-05 -18509.6137
6.1e-05 -21382.84796
6.2e-05 -24402.88397
6.3e-05 -27571.08576
6.4e-05 -30888.97347
6.5e-05 -34358.27534
6.6e-05 -37980.98314
6.7e-05 -41759.41138
6.8e-05 -45696.26099
6.9e-05 -49794.68833
7e-05 -54058.38026
7.1e-05 -58491.63662
7.2e-05 -63099.4615
7.3e-05 -67887.66481
7.4e-05 -72862.97655
7.5e-05 -78033.17593
7.6e-05 -83407.2387
7.7e-05 -88995.50625
7.8e-05 -94809.88111
7.9e-05 -100864.0546
8e-05 -107173.7736
8.1e-05 -113757.1551
8.2e-05 -120635.0602
8.3e-05 -127831.5402
8.4e-05 -135374.3742
8.5e-05 -143295.72
8.6e-05 -151632.9077
8.7e-05 -160429.4157
8.8e-05 -169736.079
8.9e-05 -179612.5973
9e-05 -190129.4352
9.1e-05 -201370.2373
9.2e-05 -213434.9284
9.3e-05 -226443.739
9.4e-05 -240542.4908
9.5e-05 -255909.6291
9.6e-05 -272765.7108
9.7e-05 -291386.4077
9.8e-05 -312120.636
9.9e-05 -335416.3252
0.0001 -361857.8439
