0 1.928749848e-19
1e-06 1.967461506e-19
2e-06 2.013495633e-19
3e-06 2.065918264e-19
4e-06 2.123935821e-19
5e-06 2.186873991e-19
6e-06 2.254159912e-19
7e-06 2.325307115e-19
8e-06 2.399902789e-19
9e-06 2.477596996e-19
1e-05 2.558093515e-19
1.1e-05 2.641142076e-19
1.2e-05 2.72653175e-19
1.3e-05 2.814085325e-19
1.4e-05 2.90365451e-19
1.5e-05 2.995115846e-19
1.6e-05 3.088367211e-19
1.7e-05 3.18332483e-19
1.8e-05 3.279920717e-19
1.9e-05 3.378100484e-19
2e-05 3.477821464e-19
2.1e-05 3.579051093e-19
2.2e-05 3.681765526e-19
2.3e-05 3.785948448e-19
2.4e-05 3.891590047e-19
2.5e-05 3.998686134e-19
2.6e-05 4.107237383e-19
2.7e-05 4.217248679e-19
2.8e-05 4.328728553e-19
2.9e-05 4.441688699e-19
3e-05 4.556143554e-19
3.1e-05 4.67210994e-19
3.2e-05 4.789606751e-19
3.3e-05 4.90865469e-19
3.4e-05 5.029276036e-19
3.5e-05 5.151494448e-19
3.6e-05 5.275334795e-19
3.7e-05 5.400823012e-19
3.8e-05 -30.01157437
3.9e-05 -74.25229919
4e-05 -167.5706584
4.1e-05 -294.4502252
4.2e-05 -427.1076384
4.3e-05 -564.8806479
4.4e-05 -895.8468875
4.5e-05 -1367.038125
4.6e-05 -1830.587764
4.7e-05 -2281.121643
4.8e-05 -2713.193556
4.9e-05 -3121.329324
5e-05 -3500.068116
5.1e-05 -3844.000375
5.2e-05 -4147.801814
5.3e-05 -4406.263042
5.4e-05 -4875.561609
5.5e-05 -6965.913524
5.6e-05 -9201.949876
5.7e-05 -11585.39573
5.8e-05 -14117.89697
5.9e-05 -16801.06183
6e-05 -19636.50569
6.1e-05 -22625.89903
6.2e-05 -25771.01885
6.3e-05 -29073.80372
6.4e-05 -32536.4129
6.5e-05 -36161.28994
6.6e-05 -39951.23146
6.7e-05 -43909.46192
6.8e-05 -48039.71531
6.9e-05 -52346.32513
7e-05 -56834.3241
7.1e-05 -61509.5556
7.2e-05 -66378.79906
7.3e-05 -71449.91229
7.4e-05 -76731.99416
7.5e-05 -82235.57207
7.6e-05 -87972.81966
7.7e-05 -93957.81136
7.8e-05 -100206.8224
7.9e-05 -106738.6851
8e-05 -113575.2142
8.1e-05 -120741.7206
8.2e-05 -128267.6329
8.3e-05 -136187.2594
8.4e-05 -144540.7267
8.5e-05 -153375.146
8.6e-05 -162746.0775
8.7e-05 -172719.3834
8.8e-05 -183373.5981
8.9e-05 -194802.9945
9e-05 -207121.594
9.1e-05 -220468.485
9.2e-05 -235014.9713
9.3e-05 -250974.3383
9.4e-05 -268615.4254
9.5e-05 -288281.8641
9.6e-05 -310419.9513
9.7e-05 -335620.0583
9.8e-05 -364679.9365
9.9e-05 -398704.7702
0.0001 -439271.5924
