0 500
1e-06 499.9001382
2e-06 499.8004282
3e-06 499.7008822
4e-06 499.6015136
5e-06 499.5023375
6e-06 499.4033706
7e-06 499.304631
8e-06 499.2061392
9e-06 499.1079176
1e-05 499.0099908
1.1e-05 498.912386
1.2e-05 498.8151333
1.3e-05 498.7182653
1.4e-05 498.6218181
1.5e-05 498.5258307
1.6e-05 498.430346
1.7e-05 498.3354103
1.8e-05 498.2410737
1.9e-05 498.1473902
2e-05 498.0544179
2.1e-05 497.9622187
2.2e-05 497.8708586
2.3e-05 497.7804076
2.4e-05 497.6909393
2.5e-05 497.6025311
2.6e-05 497.5152636
2.7e-05 497.4292204
2.8e-05 497.344488
2.9e-05 497.2611549
3e-05 497.1793116
3.1e-05 497.0990497
3.2e-05 497.0204615
3.3e-05 496.9436395
3.4e-05 496.8686755
3.5e-05 496.7956604
3.6e-05 496.7246833
3.7e-05 496.6558311
3.8e-05 496.5891877
3.9e-05 496.5248338
4e-05 496.4628459
4.1e-05 496.4032966
4.2e-05 496.3462536
4.3e-05 496.2917797
4.4e-05 496.2399327
4.5e-05 496.1907647
4.6e-05 496.144323
4.7e-05 496.1006489
4.8e-05 496.0597789
4.9e-05 496.0217441
5e-05 495.9865711
5.1e-05 495.9542816
5.2e-05 495.9248933
5.3e-05 495.8984203
5.4e-05 495.8748735
5.5e-05 495.8542612
5.6e-05 495.8365898
5.7e-05 495.8218643
5.8e-05 495.8100895
5.9e-05 495.8012701
6e-05 495.7954123
6.1e-05 495.7925241
6.2e-05 495.7926164
6.3e-05 495.7957043
6.4e-05 495.8018077
6.5e-05 495.8109526
6.6e-05 495.8231726
6.7e-05 495.8385096
6.8e-05 495.8570158
6.9e-05 495.8787547
7e-05 495.9038032
7.1e-05 495.9322532
7.2e-05 495.9642137
7.3e-05 495.9998131
7.4e-05 496.039202
7.5e-05 496.0825559
7.6e-05 496.1300789
7.7e-05 496.1820075
7.8e-05 496.2386156
7.9e-05 496.3002194
8e-05 496.3671846
8.1e-05 496.4399335
8.2e-05 496.5189547
8.3e-05 496.6048142
8.4e-05 496.698169
8.5e-05 496.7997839
8.6e-05 496.9105524
8.7e-05 497.0315221
8.8e-05 497.1639275
8.9e-05 497.3092312
9e-05 497.4691766
9.1e-05 497.6458568
9.2e-05 497.8418039
9.3e-05 498.06011
9.4e-05 498.3045876
9.5e-05 498.5799932
9.6e-05 498.8923369
9.7e-05 499.2493266
9.8e-05 499.6610169
9.9e-05 500.1407831
0.0001 500.706832
