0 385884.1935
1e-06 385538.0087
2e-06 385195.2719
3e-06 384856.2131
4e-06 384521.044
5e-06 384189.9569
6e-06 383863.1243
7e-06 383540.6988
8e-06 383222.8127
9e-06 382909.5785
1e-05 382601.0885
1.1e-05 382297.4159
1.2e-05 381998.6146
1.3e-05 381704.7205
1.4e-05 381415.7519
1.5e-05 381131.7105
1.6e-05 380852.5822
1.7e-05 380578.338
1.8e-05 380308.9354
1.9e-05 380044.3192
2e-05 379784.4224
2.1e-05 379529.1678
2.2e-05 379278.4685
2.3e-05 379032.2293
2.4e-05 378790.3479
2.5e-05 378552.7154
2.6e-05 378319.2176
2.7e-05 378089.7361
2.8e-05 377864.1488
2.9e-05 377642.331
3e-05 377424.1562
3.1e-05 377209.4967
3.2e-05 376998.2248
3.3e-05 376790.2128
3.4e-05 376585.3348
3.5e-05 376383.4663
3.6e-05 376184.4861
3.7e-05 375988.2777
3.8e-05 nan
3.9e-05 nan
4e-05 nan
4.1e-05 nan
4.2e-05 nan
4.3e-05 nan
4.4e-05 nan
4.5e-05 nan
4.6e-05 nan
4.7e-05 nan
4.8e-05 nan
4.9e-05 nan
5e-05 nan
5.1e-05 nan
5.2e-05 nan
5.3e-05 nan
5.4e-05 nan
5.5e-05 nan
5.6e-05 nan
5.7e-05 nan
5.8e-05 nan
5.9e-05 nan
6e-05 nan
6.1e-05 nan
6.2e-05 nan
6.3e-05 nan
6.4e-05 nan
6.5e-05 nan
6.6e-05 nan
6.7e-05 nan
6.8e-05 nan
6.9e-05 nan
7e-05 nan
7.1e-05 nan
7.2e-05 nan
7.3e-05 nan
7.4e-05 nan
7.5e-05 nan
7.6e-05 nan
7.7e-05 nan
7.8e-05 nan
7.9e-05 nan
8e-05 nan
8.1e-05 nan
8.2e-05 nan
8.3e-05 nan
8.4e-05 nan
8.5e-05 nan
8.6e-05 nan
8.7e-05 nan
8.8e-05 nan
8.9e-05 nan
9e-05 nan
9.1e-05 nan
9.2e-05 nan
9.3e-05 nan
9.4e-05 nan
9.5e-05 nan
9.6e-05 nan
9.7e-05 nan
9.8e-05 nan
9.9e-05 nan
0.0001 nan
