0 1000
1e-06 1111.681379
2e-06 1235.806163
3e-06 1373.758345
4e-06 1527.074548
5e-06 1697.459853
6e-06 1886.804742
7e-06 2097.203003
8e-06 2330.970399
9e-06 2590.6638
1e-05 2879.100395
1.1e-05 3199.376523
1.2e-05 3554.885559
1.3e-05 3949.334237
1.4e-05 4386.75674
1.5e-05 4871.525853
1.6e-05 5408.36047
1.7e-05 6002.328819
1.8e-05 6658.846786
1.9e-05 7383.670886
2e-05 8182.885523
2.1e-05 9062.884395
2.2e-05 10030.34606
2.3e-05 11092.20394
2.4e-05 12255.61115
2.5e-05 13527.90089
2.6e-05 14916.54326
2.7e-05 16429.0994
2.8e-05 18073.17428
2.9e-05 19856.36924
3e-05 21786.23558
3.1e-05 23870.23054
3.2e-05 26115.67677
3.3e-05 28529.7265
3.4e-05 31119.33127
3.5e-05 33891.21821
3.6e-05 36851.87322
3.7e-05 40007.5318
3.8e-05 43364.17745
3.9e-05 46927.54784
4e-05 50703.14866
4.1e-05 54696.27464
4.2e-05 58912.03759
4.3e-05 63355.40081
4.4e-05 68031.21933
4.5e-05 72944.28553
4.6e-05 78099.37941
4.7e-05 83501.32323
4.8e-05 89155.03985
4.9e-05 95065.6147
5e-05 101238.3609
5.1e-05 107678.8879
5.2e-05 114393.173
5.3e-05 121387.6366
5.4e-05 128669.2218
5.5e-05 136245.4779
5.6e-05 144124.6496
5.7e-05 152315.7728
5.8e-05 160828.7769
5.9e-05 169674.5977
6e-05 178865.2994
6.1e-05 188414.21
6.2e-05 198336.072
6.3e-05 208647.2101
6.4e-05 219365.7206
6.5e-05 230511.6852
6.6e-05 242107.4144
6.7e-05 254177.7251
6.8e-05 266750.2599
6.9e-05 279855.8542
7e-05 293528.962
7.1e-05 307808.1503
7.2e-05 322736.6766
7.3e-05 338363.1655
7.4e-05 354742.406
7.5e-05 371936.2943
7.6e-05 390014.9555
7.7e-05 409058.0824
7.8e-05 429156.5448
7.9e-05 450414.3336
8e-05 472950.9227
8.1e-05 496904.1578
8.2e-05 522433.8135
8.3e-05 549726.0048
8.4e-05 578998.7003
8.5e-05 610508.6703
8.6e-05 644560.3213
8.7e-05 681517.038
8.8e-05 721815.8962
8.9e-05 765986.9674
9e-05 814678.9609
9.1e-05 868693.749
9.2e-05 929033.5473
9.3e-05 996966.4561
9.4e-05 1074119.188
9.5e-05 1162610.954
9.6e-05 1265251.282
9.7e-05 1385839.979
9.8e-05 1529635.783
9.9e-05 1704114.211
0.0001 1920243.586
